08/21/2017 05, 29, 38, 42, 45 01 
08/24/2017 01, 03, 27, 40, 43 09 
08/28/2017 01, 05, 06, 47, 48 17 
08/31/2017 19, 20, 36, 42, 47 12 
09/04/2017 01, 04, 09, 15, 33 03 
09/07/2017 19, 27, 28, 29, 33 16 
09/11/2017 11, 23, 27, 30, 48 18 
09/14/2017 04, 09, 14, 17, 23 17 
09/18/2017 04, 14, 19, 30, 46 09 
09/21/2017 07, 13, 19, 24, 30 12 
09/25/2017 14, 17, 19, 30, 48 04 
09/28/2017 09, 10, 12, 16, 32 14 
10/02/2017 24, 25, 28, 37, 47 05 
10/05/2017 12, 13, 21, 26, 36 06 
10/09/2017 19, 21, 23, 27, 43 02 
10/12/2017 05, 19, 27, 35, 43 10 
10/16/2017 01, 02, 12, 17, 27 07 
10/19/2017 09, 24, 27, 32, 44 15 
10/23/2017 04, 07, 09, 10, 31 15 
10/26/2017 02, 06, 12, 39, 43 02 
10/30/2017 02, 12, 22, 40, 46 10 
11/02/2017 02, 04, 08, 38, 47 16 
11/06/2017 22, 24, 28, 44, 46 18 
11/09/2017 10, 36, 40, 41, 42 09 
11/13/2017 20, 21, 37, 39, 42 17 
11/16/2017 14, 20, 21, 22, 25 13 
11/20/2017 07, 16, 20, 24, 28 11 
11/23/2017 10, 15, 19, 43, 44 08 
11/27/2017 12, 13, 20, 37, 46 01 
11/30/2017 02, 03, 27, 44, 48 16 
12/04/2017 01, 02, 07, 31, 37 08 
12/07/2017 07, 18, 21, 41, 46 02 
12/11/2017 16, 37, 46, 47, 48 09 
12/14/2017 17, 21, 25, 30, 48 10 
12/18/2017 13, 16, 21, 29, 32 17 
12/21/2017 10, 14, 15, 18, 24 16 
12/25/2017 08, 37, 43, 44, 45 16 
12/28/2017 04, 21, 29, 44, 48 07 
01/01/2018 15, 18, 25, 31, 35 02 
01/04/2018 11, 12, 19, 28, 46 04 
01/08/2018 01, 03, 15, 22, 28 15 
01/11/2018 08, 12, 15, 16, 41 09 
01/15/2018 11, 15, 32, 33, 40 18 
01/18/2018 05, 15, 21, 28, 36 14 
01/22/2018 05, 13, 26, 30, 35 05 
01/25/2018 08, 09, 31, 43, 45 06 
01/29/2018 01, 04, 06, 30, 33 02 
02/01/2018 03, 13, 21, 24, 47 10 
02/05/2018 01, 02, 05, 32, 48 17 
02/08/2018 04, 10, 13, 32, 40 12 
02/12/2018 07, 11, 33, 37, 47 10 
02/15/2018 01, 11, 36, 38, 46 10 
02/19/2018 02, 14, 41, 44, 47 16 
02/22/2018 06, 23, 32, 35, 42 08 
02/26/2018 06, 11, 16, 28, 37 11 
03/01/2018 07, 10, 26, 44, 46 14 
03/05/2018 05, 17, 23, 35, 42 12 
03/08/2018 20, 24, 26, 34, 39 18 
03/12/2018 01, 08, 20, 44, 45 15 
03/15/2018 10, 16, 17, 40, 47 05 
03/19/2018 17, 26, 31, 32, 45 14 
03/22/2018 09, 17, 27, 29, 31 16 
03/26/2018 03, 04, 15, 23, 40 06 
03/29/2018 16, 19, 31, 44, 48 07 
04/02/2018 02, 06, 11, 32, 33 04 
04/05/2018 02, 10, 12, 46, 48 12 
04/09/2018 09, 13, 20, 39, 44 18 
04/12/2018 05, 20, 33, 39, 48 18 
04/16/2018 09, 11, 26, 33, 38 07 
04/19/2018 16, 19, 35, 43, 48 09 
04/23/2018 07, 12, 20, 27, 48 13 
04/26/2018 20, 21, 27, 29, 30 17 
04/30/2018 01, 10, 13, 16, 21 17 
05/03/2018 05, 22, 26, 29, 47 08 
05/07/2018 02, 05, 06, 15, 40 16 
05/10/2018 17, 35, 46, 47, 48 11 
05/14/2018 11, 26, 33, 36, 42 14 
05/17/2018 06, 07, 14, 21, 46 08 
05/21/2018 04, 12, 31, 45, 48 07 
05/24/2018 18, 32, 38, 39, 48 12 
05/28/2018 04, 06, 13, 16, 32 07 
05/31/2018 16, 34, 41, 42, 48 03 
06/04/2018 01, 05, 20, 33, 36 05 
06/07/2018 02, 09, 27, 38, 43 13 
06/11/2018 04, 05, 25, 36, 46 09 
06/14/2018 07, 13, 33, 37, 41 18 
06/18/2018 01, 22, 27, 31, 34 06 
06/21/2018 03, 06, 25, 39, 44 01 
06/25/2018 03, 31, 42, 45, 48 17 
06/28/2018 03, 23, 27, 47, 48 03 
07/02/2018 13, 18, 27, 39, 43 08 
07/05/2018 12, 16, 31, 32, 46 17 
07/09/2018 18, 24, 43, 46, 48 06 
07/12/2018 04, 08, 14, 20, 26 06 
07/16/2018 14, 17, 18, 21, 48 12 
07/19/2018 14, 27, 29, 36, 40 04 
07/23/2018 01, 05, 11, 28, 48 07 
07/26/2018 09, 10, 14, 20, 44 16 
07/30/2018 08, 15, 34, 36, 37 02 
08/02/2018 09, 16, 17, 20, 23 03 
08/06/2018 05, 07, 13, 15, 29 05 
08/09/2018 13, 25, 30, 33, 37 05 
08/13/2018 01, 15, 22, 27, 41 07 
08/16/2018 08, 39, 42, 43, 48 11 
08/20/2018 04, 16, 36, 44, 48 11 
08/23/2018 06, 10, 28, 34, 45 07 
08/27/2018 06, 08, 12, 19, 32 17 
08/30/2018 16, 20, 32, 40, 46 10 
09/03/2018 27, 40, 43, 44, 47 03 
09/06/2018 14, 27, 29, 36, 39 06 
09/10/2018 01, 11, 13, 23, 42 03 
09/13/2018 06, 12, 23, 29, 43 04 
09/17/2018 03, 05, 06, 19, 47 15 
09/20/2018 08, 10, 17, 36, 40 16 
09/24/2018 09, 16, 21, 27, 45 17 
09/27/2018 05, 09, 29, 30, 34 14 
10/01/2018 08, 10, 13, 16, 40 01 
10/04/2018 01, 10, 15, 28, 34 11 
10/08/2018 05, 34, 35, 36, 48 15 
10/11/2018 10, 18, 33, 38, 42 07 
10/15/2018 01, 30, 39, 41, 42 12 
10/18/2018 04, 21, 24, 30, 31 16 
10/22/2018 07, 36, 37, 41, 46 16 
10/25/2018 12, 20, 22, 27, 30 16 
10/29/2018 14, 16, 26, 29, 43 13 
11/01/2018 04, 13, 31, 37, 47 05 
11/05/2018 08, 18, 28, 34, 37 09 
11/08/2018 10, 16, 38, 39, 40 13 
11/12/2018 02, 04, 09, 15, 37 15 
11/15/2018 14, 28, 29, 38, 42 02 
11/19/2018 01, 14, 15, 43, 44 15 
11/22/2018 08, 18, 38, 40, 48 02 
11/26/2018 10, 23, 29, 37, 43 14 
11/29/2018 01, 04, 11, 36, 41 08 
12/03/2018 07, 08, 28, 37, 43 11 
12/06/2018 05, 14, 26, 28, 31 05 
12/10/2018 16, 20, 26, 28, 47 16 
12/13/2018 15, 31, 38, 39, 40 01 
12/17/2018 04, 08, 31, 32, 44 09 
12/20/2018 08, 21, 26, 40, 41 13 
12/24/2018 02, 09, 14, 27, 47 07 
12/27/2018 09, 16, 32, 39, 41 09 
12/31/2018 04, 10, 15, 19, 43 08 
01/03/2019 02, 04, 17, 30, 31 15 
01/07/2019 18, 31, 34, 35, 37 14 
01/10/2019 09, 13, 21, 34, 43 09 
01/14/2019 11, 13, 18, 29, 42 03 
01/17/2019 09, 22, 27, 38, 46 05 
01/21/2019 02, 16, 40, 43, 47 12 
01/24/2019 21, 29, 30, 32, 45 10 
01/28/2019 06, 12, 30, 32, 37 18 
01/31/2019 04, 06, 10, 29, 45 10 
02/04/2019 14, 24, 30, 37, 38 12 
02/07/2019 18, 23, 29, 34, 43 03 
02/11/2019 03, 05, 10, 32, 41 10 
02/14/2019 24, 26, 32, 38, 42 18 
02/18/2019 01, 08, 15, 29, 31 02 
02/21/2019 15, 21, 23, 27, 37 14 
02/25/2019 24, 26, 31, 45, 48 17 
02/28/2019 04, 07, 10, 29, 37 01 
03/04/2019 04, 12, 28, 35, 45 13 
03/07/2019 05, 08, 29, 44, 47 08 
03/11/2019 19, 24, 30, 44, 46 01 
03/14/2019 11, 12, 23, 24, 25 09 
03/18/2019 03, 11, 24, 27, 39 14 
03/21/2019 09, 24, 26, 27, 38 11 
03/25/2019 07, 09, 14, 29, 31 08 
03/28/2019 21, 31, 34, 40, 44 10 
04/01/2019 09, 19, 22, 33, 41 04 
04/04/2019 03, 04, 08, 16, 27 03 
04/08/2019 17, 23, 34, 44, 46 14 
04/11/2019 13, 17, 30, 35, 39 07 
04/15/2019 04, 10, 20, 24, 30 03 
04/18/2019 02, 10, 27, 28, 47 18 
04/22/2019 01, 11, 20, 30, 46 01 
04/25/2019 08, 18, 21, 44, 47 13 
04/29/2019 07, 22, 28, 39, 48 05 
05/02/2019 05, 07, 09, 25, 33 16 
05/06/2019 13, 14, 26, 36, 39 09 
05/09/2019 05, 07, 39, 44, 46 15 
05/13/2019 06, 11, 13, 28, 38 18 
05/16/2019 09, 18, 26, 28, 32 02 
05/20/2019 26, 27, 29, 36, 46 02 
05/23/2019 12, 23, 29, 35, 38 18 
05/27/2019 15, 37, 43, 46, 47 10 
05/30/2019 07, 17, 18, 19, 39 09 
06/03/2019 03, 19, 24, 30, 44 04 
06/06/2019 04, 22, 28, 29, 42 05 
06/10/2019 26, 34, 39, 40, 43 11 
06/13/2019 04, 05, 08, 10, 46 05 
06/17/2019 03, 25, 29, 40, 47 08 
06/20/2019 13, 30, 33, 39, 43 04 
06/24/2019 03, 17, 21, 23, 44 02 
06/27/2019 14, 16, 19, 23, 27 14 
07/01/2019 11, 17, 22, 27, 32 16 
07/04/2019 02, 07, 31, 43, 48 06 
07/08/2019 11, 16, 18, 23, 37 07 
07/11/2019 05, 19, 23, 26, 42 13 
07/15/2019 03, 14, 18, 19, 32 04 
07/18/2019 08, 13, 32, 34, 48 02 
07/22/2019 05, 31, 33, 41, 47 17 
07/25/2019 26, 29, 35, 37, 48 03 
07/29/2019 05, 06, 16, 19, 27 09 
08/01/2019 01, 19, 22, 27, 34 15 
08/05/2019 20, 30, 37, 42, 47 10 
08/08/2019 25, 28, 34, 45, 46 18 
08/12/2019 02, 05, 14, 27, 39 03 
08/15/2019 02, 11, 13, 19, 27 08 
08/19/2019 08, 17, 26, 28, 40 10 
08/22/2019 07, 09, 14, 22, 42 14 
08/26/2019 09, 25, 30, 37, 48 14 
08/29/2019 11, 24, 28, 33, 43 10 
09/02/2019 06, 07, 22, 25, 46 14 
09/05/2019 05, 20, 32, 38, 47 15 
09/09/2019 08, 09, 17, 22, 33 18 
09/12/2019 02, 16, 29, 43, 46 03 
09/16/2019 11, 12, 22, 31, 37 07 
09/19/2019 13, 21, 27, 28, 39 05 
09/23/2019 04, 23, 25, 43, 48 09 
09/26/2019 04, 11, 33, 43, 47 17 
09/30/2019 03, 14, 45, 47, 48 03 
10/03/2019 01, 13, 42, 43, 44 18 
10/07/2019 13, 18, 31, 38, 43 16 
10/10/2019 27, 30, 31, 34, 45 16 
10/14/2019 12, 17, 19, 35, 41 09 
10/17/2019 08, 09, 25, 27, 33 17 
10/21/2019 09, 14, 15, 35, 40 10 
10/24/2019 05, 13, 24, 38, 48 06
10/28/2019 11, 15, 18, 23, 34 10
10/31/2019 02, 31, 33, 41, 46 18
11/04/2019 28, 34, 42, 44, 48 15
11/07/2019 01, 10, 15, 18, 40 15 
11/11/2019 03, 05, 22, 23, 36 12 
11/14/2019 09, 11, 21, 22, 30 14 
11/18/2019 15, 22, 28, 35, 37 17 
11/21/2019 15, 17, 20, 23, 37 07 
11/25/2019 01, 02, 03, 31, 40 05 
11/28/2019 03, 09, 22, 24, 41 03 
12/02/2019 10, 31, 43, 44, 46 13 
12/05/2019 03, 11, 16, 19, 32 03 
12/09/2019 01, 16, 27, 39, 45 10 
12/12/2019 16, 17, 21, 28, 38 08 
12/16/2019 11, 20, 21, 38, 45 17 
12/19/2019 06, 27, 28, 40, 44 09 
12/23/2019 01, 06, 16, 21, 46 13 
12/26/2019 16, 25, 29, 30, 35 17 
12/30/2019 04, 15, 34, 40, 47 16 
01/02/2020 01, 03, 18, 22, 33 07 
01/06/2020 05, 08, 15, 33, 48 02 
01/09/2020 01, 14, 21, 28, 37 12 
01/13/2020 07, 16, 30, 32, 39 17 
01/16/2020 10, 13, 15, 30, 33 08 
01/20/2020 04, 07, 08, 18, 27 05 
01/23/2020 11, 25, 28, 33, 42 18 
01/27/2020 01, 07, 17, 22, 29 15 
01/30/2020 04, 06, 08, 18, 39 15 
02/03/2020 02, 09, 34, 36, 48 13 
02/06/2020 18, 30, 31, 33, 34 16 
02/10/2020 03, 07, 21, 25, 26 04 
02/13/2020 05, 14, 31, 40, 46 02 
02/17/2020 04, 27, 29, 34, 45 14 
02/20/2020 24, 27, 36, 41, 47 02 
02/24/2020 23, 27, 33, 44, 48 11 
02/27/2020 19, 20, 32, 36, 48 04
03/02/2020 06, 13, 24, 32, 40 13 
03/05/2020 06, 08, 09, 36, 47 07
03/09/2020 03, 13, 16, 45, 48 13 
03/12/2020 01, 13, 23, 47, 48 11 
03/16/2020 03, 07, 24, 26, 42 18 
03/19/2020 13, 19, 24, 38, 42 14 
03/23/2020 01, 30, 31, 46, 48 08 
03/26/2020 07, 08, 10, 30, 41 13 
03/30/2020 02, 22, 29, 36, 40 18 
04/02/2020 02, 04, 23, 31, 48 05 
04/06/2020 02, 25, 26, 30, 37 08 
04/09/2020 06, 16, 23, 27, 48 10 
04/13/2020 01, 37, 39, 43, 45 17 
04/16/2020 06, 08, 20, 28, 43 15 
04/20/2020 01, 03, 06, 34, 45 12 
04/23/2020 05, 31, 38, 41, 45 01 
04/27/2020 01, 05, 09, 28, 35 09 
04/30/2020 03, 04, 11, 23, 35 17 
05/04/2020 15, 20, 22, 37, 48 11 
05/07/2020 03, 08, 22, 23, 45 15 
05/11/2020 01, 24, 28, 36, 45 07 
05/14/2020 20, 26, 29, 34, 41 15 
05/18/2020 10, 27, 32, 43, 47 10 
05/21/2020 08, 11, 24, 30, 33 12 
05/25/2020 04, 28, 31, 32, 41 02 
05/28/2020 01, 13, 36, 41, 44 01 
06/01/2020 05, 15, 30, 40, 45 16 
06/04/2020 09, 18, 24, 26, 29 08 
06/08/2020 26, 29, 31, 34, 40 01 
06/11/2020 09, 24, 25, 29, 42 06 
06/15/2020 25, 28, 32, 47, 48 14 
06/18/2020 01, 06, 16, 27, 34 02 
06/22/2020 13, 33, 34, 43, 44 01 
06/25/2020 01, 08, 18, 27, 46 16 
06/29/2020 06, 12, 16, 19, 22 02 
07/02/2020 02, 10, 15, 36, 47 18 
07/06/2020 02, 10, 40, 47, 48 15 
07/09/2020 10, 24, 28, 33, 39 12 
07/13/2020 09, 13, 34, 36, 46 10 
07/16/2020 05, 07, 20, 43, 48 01
07/20/2020 11, 15, 37, 40, 46 06
07/23/2020 05, 06, 23, 33, 45 03
07/27/2020 06, 10, 13, 17, 31 09
07/30/2020 14, 15, 16, 39, 42 10
08/03/2020 04, 10, 20, 32, 46 15
08/06/2020 14, 18, 30, 43, 45 09
08/10/2020 04, 05, 16, 19, 37 01
08/13/2020 09, 33, 34, 36, 40 14
08/17/2020 05, 09, 11, 17, 27 02
08/20/2020 09, 11, 18, 39, 40 09
08/24/2020 18, 22, 25, 31, 46 18
08/27/2020 07, 08, 12, 21, 36 04 
08/31/2020 03, 09, 14, 18, 25 11 
09/03/2020 01, 04, 13, 26, 37 13 
09/07/2020 04, 07, 25, 30, 36 09 
09/10/2020 04, 13, 25, 28, 33 15 
09/14/2020 02, 05, 25, 45, 46 10 
09/17/2020 05, 28, 34, 41, 44 05 
09/21/2020 07, 28, 39, 41, 47 03 
09/24/2020 17, 21, 30, 40, 46 04 
09/28/2020 09, 14, 45, 46, 47 08 
10/01/2020 05, 08, 09, 25, 29 01 
10/05/2020 07, 17, 29, 35, 45 17 
10/08/2020 28, 30, 31, 42, 43 13 
10/12/2020 02, 11, 21, 39, 42 04 
10/15/2020 04, 14, 27, 44, 47 11 
10/19/2020 11, 17, 23, 34, 41 07 
10/22/2020 11, 24, 35, 37, 39 08 
10/26/2020 09, 12, 20, 30, 38 06 
10/29/2020 02, 11, 32, 44, 47 10 
11/02/2020 07, 24, 26, 33, 42 11 
11/05/2020 02, 04, 08, 17, 31 02 
11/09/2020 22, 24, 33, 42, 45 05 
11/12/2020 14, 17, 24, 33, 46 02 
11/16/2020 03, 08, 16, 38, 44 15 
11/19/2020 05, 16, 27, 35, 36 04 
11/23/2020 13, 23, 31, 37, 39 11 
11/26/2020 11, 25, 31, 41, 43 09 
11/30/2020 11, 18, 21, 36, 38 09 
12/03/2020 11, 17, 22, 25, 37 04 
12/07/2020 03, 18, 22, 26, 35 14 
12/10/2020 01, 05, 10, 11, 31 15 
12/14/2020 07, 25, 34, 37, 43 09 
12/17/2020 01, 20, 28, 38, 45 08 
12/21/2020 03, 32, 35, 38, 40 03 
12/24/2020 02, 15, 40, 44, 47 12 
12/28/2020 06, 09, 11, 15, 29 14 
12/31/2020 11, 28, 30, 39, 43 14 
01/04/2021 02, 12, 21, 26, 46 07 
01/07/2021 03, 20, 25, 28, 30 18 
01/11/2021 01, 08, 20, 37, 39 08 
01/14/2021 03, 16, 20, 21, 47 10 
01/18/2021 02, 13, 14, 19, 31 07 
01/21/2021 11, 15, 26, 34, 47 15 
01/25/2021 01, 24, 28, 34, 41 02 
01/28/2021 02, 19, 24, 26, 31 01 
02/01/2021 15, 17, 27, 30, 39 02 
02/04/2021 03, 09, 13, 24, 40 16 
02/08/2021 02, 12, 22, 24, 26 11 
02/11/2021 07, 09, 15, 31, 39 01 
02/15/2021 01, 21, 22, 34, 45 11 
02/18/2021 10, 11, 17, 27, 32 15 
02/22/2021 02, 10, 12, 43, 45 01 
02/25/2021 16, 34, 35, 38, 45 01 
03/01/2021 05, 11, 17, 26, 47 03 
03/04/2021 02, 05, 32, 35, 37 02 
03/08/2021 03, 09, 40, 41, 44 06 
03/11/2021 15, 19, 28, 30, 48 05 
03/15/2021 05, 14, 15, 27, 37 07 
03/18/2021 02, 05, 21, 28, 45 15 
03/22/2021 03, 05, 24, 31, 45 01 
03/25/2021 03, 24, 25, 37, 44 05 
03/29/2021 09, 29, 32, 42, 45 04 
04/01/2021 05, 27, 36, 42, 47 09 
04/05/2021 02, 05, 16, 26, 39 10 
04/08/2021 17, 25, 30, 37, 39 10 
04/12/2021 01, 12, 16, 26, 36 04 
04/15/2021 03, 04, 18, 31, 43 04 
04/19/2021 13, 21, 31, 32, 33 15 
04/22/2021 20, 28, 29, 35, 37 15 
04/26/2021 08, 22, 33, 37, 38 10 
04/29/2021 01, 09, 10, 18, 34 13 
05/03/2021 07, 11, 12, 18, 21 10 
05/06/2021 05, 13, 26, 32, 47 08 
05/10/2021 04, 31, 32, 42, 44 07 
05/13/2021 03, 07, 25, 31, 36 08 
05/17/2021 18, 29, 32, 40, 44 16 
05/20/2021 07, 13, 38, 43, 44 11 
05/24/2021 03, 06, 07, 36, 48 03
05/27/2021 05, 06, 08, 40, 43 17 
05/31/2021 02, 19, 28, 31, 47 09
06/03/2021 11, 19, 22, 29, 48 06 
06/07/2021 05, 07, 18, 24, 34 18
06/10/2021 06, 08, 10, 24, 43 15 
06/14/2021 03, 17, 19, 21, 37 12
06/17/2021 07, 10, 24, 29, 45 01 
06/21/2021 22, 28, 33, 38, 43 17 
06/24/2021 23, 26, 31, 35, 46 12 
06/28/2021 05, 07, 23, 25, 48 08 
07/01/2021 15, 22, 30, 33, 43 02 
07/05/2021 02, 05, 06, 20, 36 11 
07/08/2021 02, 17, 18, 35, 44 18 
07/12/2021 11, 12, 22, 24, 46 13 
07/15/2021 05, 10, 14, 15, 19 08 
07/19/2021 11, 38, 42, 46, 48 01 
07/20/2021 06, 08, 16, 31, 46 13 
07/21/2021 05, 30, 36, 42, 44 05 
07/22/2021 20, 28, 29, 33, 34 04 
07/23/2021 05, 15, 17, 24, 29 14 
07/24/2021 12, 13, 26, 33, 42 09 
07/25/2021 06, 12, 27, 43, 46 15 
07/26/2021 08, 26, 39, 42, 46 07 
07/27/2021 07, 31, 33, 47, 48 17 
07/28/2021 17, 20, 26, 44, 48 05 
07/29/2021 02, 04, 09, 10, 39 07 
07/30/2021 06, 41, 44, 46, 48 13 
07/31/2021 07, 26, 29, 36, 42 06 
08/01/2021 07, 30, 32, 46, 48 13 
08/02/2021 04, 05, 24, 36, 38 02 
08/03/2021 10, 15, 18, 41, 45 10 
08/04/2021 01, 25, 30, 36, 37 02
08/05/2021 05, 15, 36, 44, 46 17 
08/06/2021 01, 04, 06, 25, 26 01 
08/07/2021 02, 35, 41, 43, 44 16 
08/08/2021 01, 14, 23, 29, 31 06 
08/09/2021 02, 04, 19, 35, 48 09 
08/10/2021 15, 22, 34, 44, 48 09 
08/11/2021 01, 17, 21, 24, 27 14 
08/12/2021 01, 09, 19, 20, 31 09
08/13/2021 06, 10, 16, 26, 31 18 
08/14/2021 28, 34, 39, 42, 45 04
08/15/2021 16, 23, 26, 29, 46 11 
08/16/2021 03, 13, 39, 40, 44 15 
08/17/2021 02, 10, 25, 29, 48 06 
08/18/2021 18, 21, 22, 31, 33 06 
08/19/2021 11, 12, 16, 38, 48 11 
08/20/2021 08, 24, 36, 39, 45 06 
08/21/2021 01, 10, 23, 27, 33 04 
08/22/2021 05, 08, 15, 23, 39 14
08/23/2021 04, 06, 24, 32, 45 12 
08/24/2021 04, 10, 13, 24, 44 12
08/25/2021 09, 24, 33, 40, 48 11 
08/26/2021 09, 12, 31, 36, 45 14
08/27/2021 04, 08, 17, 35, 39 04 
08/28/2021 02, 06, 08, 11, 38 02 
08/29/2021 04, 19, 30, 42, 48 16 
08/30/2021 13, 22, 28, 30, 44 11 
08/31/2021 06, 15, 27, 36, 37 04 
09/01/2021 07, 21, 23, 26, 36 03
09/02/2021 06, 21, 22, 27, 41 13 
09/03/2021 07, 16, 28, 36, 44 12 
09/04/2021 20, 22, 23, 33, 40 16 
09/05/2021 04, 21, 23, 36, 42 03 
09/06/2021 03, 06, 18, 38, 44 08 
09/07/2021 08, 14, 16, 32, 38 15 
09/08/2021 02, 05, 15, 35, 44 14 
09/09/2021 01, 02, 04, 34, 39 02 
09/10/2021 01, 06, 19, 21, 28 02 
09/11/2021 04, 05, 22, 29, 39 14 
09/12/2021 01, 03, 11, 13, 34 01 
09/13/2021 05, 07, 22, 28, 30 05 
09/14/2021 17, 22, 24, 37, 48 18 
09/15/2021 21, 22, 32, 45, 48 14 
09/16/2021 01, 18, 19, 34, 39 15 
09/17/2021 08, 12, 35, 36, 45 02 
09/18/2021 04, 10, 26, 30, 47 06 
09/19/2021 03, 04, 31, 37, 43 06 
09/20/2021 22, 35, 38, 40, 41 01 
09/21/2021 01, 05, 37, 44, 48 06 
09/22/2021 11, 34, 38, 43, 46 06 
09/23/2021 13, 27, 32, 39, 41 02 
09/24/2021 07, 18, 20, 31, 40 12 
09/25/2021 06, 16, 24, 33, 34 05 
09/26/2021 07, 23, 28, 30, 39 05 
09/27/2021 01, 13, 17, 40, 45 12 
09/28/2021 02, 17, 23, 38, 42 14 
09/29/2021 09, 26, 40, 41, 45 06 
09/30/2021 12, 23, 32, 38, 47 11 
10/01/2021 02, 15, 38, 43, 47 10 
10/02/2021 01, 12, 24, 25, 37 02 
10/03/2021 15, 35, 36, 39, 46 09 
10/04/2021 02, 03, 29, 37, 39 17 
10/05/2021 18, 20, 33, 44, 46 10 
10/06/2021 08, 14, 23, 44, 45 17 
10/07/2021 02, 07, 21, 34, 41 05 
10/08/2021 06, 22, 24, 29, 46 01 
10/09/2021 12, 27, 28, 30, 33 09 
10/10/2021 07, 23, 27, 33, 43 15 
10/11/2021 04, 17, 20, 22, 40 09 
10/12/2021 01, 06, 08, 25, 31 17 
10/13/2021 13, 16, 18, 23, 33 17 
10/14/2021 20, 28, 32, 38, 45 05 
10/15/2021 05, 15, 21, 32, 45 06 
10/16/2021 20, 33, 38, 39, 40 06 
10/17/2021 05, 11, 24, 42, 43 03 
10/18/2021 09, 17, 18, 25, 47 16 
10/19/2021 01, 08, 22, 28, 44 07 
10/20/2021 06, 20, 21, 31, 42 03 
10/21/2021 06, 13, 17, 25, 28 02 
10/22/2021 01, 03, 14, 21, 28 10 
10/23/2021 05, 12, 19, 33, 44 06 
10/24/2021 03, 20, 21, 32, 38 06 
10/25/2021 13, 25, 27, 35, 39 09 
10/26/2021 09, 11, 15, 25, 37 07 
10/27/2021 14, 23, 39, 42, 44 17 
10/28/2021 21, 23, 24, 44, 46 13 
10/29/2021 01, 14, 24, 42, 45 09 
10/30/2021 05, 19, 22, 36, 37 10 
10/31/2021 05, 07, 11, 21, 29 15 
11/01/2021 04, 27, 28, 29, 47 08 
11/02/2021 08, 19, 26, 38, 39 06 
11/03/2021 07, 19, 25, 32, 45 03 
11/04/2021 06, 09, 12, 23, 41 08 
11/05/2021 01, 02, 11, 35, 40 01 
11/06/2021 23, 24, 27, 32, 33 10 
11/07/2021 15, 18, 24, 30, 42 10 
11/08/2021 23, 24, 33, 40, 43 14 
11/09/2021 05, 09, 10, 12, 34 15 
11/10/2021 07, 08, 20, 35, 47 01 
11/11/2021 21, 27, 34, 36, 47 15 
11/12/2021 07, 15, 21, 22, 35 12 
11/13/2021 01, 29, 33, 36, 38 05 
11/14/2021 01, 08, 21, 22, 27 11 
11/15/2021 05, 12, 14, 28, 34 03 
11/16/2021 01, 12, 23, 30, 47 02 
11/17/2021 07, 11, 24, 28, 29 09 
11/18/2021 10, 32, 36, 42, 46 16 
11/19/2021 03, 04, 09, 19, 40 11 
11/20/2021 12, 22, 24, 26, 30 11 
11/21/2021 03, 11, 17, 20, 28 05 
11/22/2021 05, 07, 08, 14, 35 08 
11/23/2021 06, 11, 14, 16, 41 14 
11/24/2021 05, 06, 09, 29, 30 04 
11/25/2021 10, 12, 14, 36, 41 11 
11/26/2021 01, 13, 20, 34, 48 09 
11/27/2021 02, 06, 07, 11, 19 01 
11/28/2021 09, 14, 24, 29, 30 07 
11/29/2021 16, 17, 22, 25, 29 13 
11/30/2021 09, 25, 29, 40, 42 14 
12/01/2021 04, 06, 32, 36, 40 08 
12/02/2021 08, 23, 29, 34, 48 01 
12/03/2021 03, 12, 14, 25, 44 07 
12/04/2021 09, 18, 23, 30, 47 16 
12/05/2021 07, 14, 18, 19, 41 07 
12/06/2021 01, 08, 11, 26, 39 10
12/07/2021 24, 31, 41, 43, 44 15 
12/08/2021 05, 20, 24, 40, 43 16 
12/09/2021 08, 21, 23, 25, 41 16 
12/10/2021 23, 29, 35, 36, 39 08 
12/11/2021 08, 09, 16, 31, 44 17 
12/12/2021 07, 21, 35, 41, 44 17 
12/13/2021 03, 09, 20, 24, 43 16 
12/14/2021 10, 23, 24, 28, 45 18 
12/15/2021 10, 23, 26, 30, 39 07 
12/16/2021 08, 10, 17, 38, 48 04 
12/17/2021 06, 07, 25, 28, 45 16 
12/18/2021 04, 07, 27, 43, 44 06 
12/19/2021 09, 16, 42, 44, 48 14 
12/20/2021 17, 21, 31, 35, 45 06 
12/21/2021 02, 10, 18, 26, 31 14 
12/22/2021 04, 29, 32, 35, 46 17 
12/23/2021 18, 20, 22, 24, 35 13 
12/24/2021 02, 09, 22, 38, 42 08 
12/25/2021 02, 05, 07, 29, 44 08 
12/26/2021 04, 16, 27, 28, 46 09 
12/27/2021 12, 14, 28, 37, 47 08 
12/28/2021 04, 06, 14, 33, 41 09 
12/29/2021 09, 19, 21, 33, 48 08 
12/30/2021 07, 15, 19, 26, 32 09 
12/31/2021 19, 36, 37, 39, 41 08 
01/01/2022 10, 13, 19, 36, 48 12 
01/02/2022 03, 05, 12, 36, 40 01 
01/03/2022 07, 12, 19, 22, 30 01 
01/04/2022 07, 08, 13, 29, 40 03 
01/05/2022 05, 08, 22, 37, 43 08 
01/06/2022 08, 10, 12, 17, 23 10 
01/07/2022 05, 09, 22, 28, 44 02 
01/08/2022 10, 32, 44, 45, 47 16 
01/09/2022 03, 10, 28, 38, 46 16 
01/10/2022 07, 14, 32, 43, 48 02 
01/11/2022 02, 05, 08, 18, 43 16 
01/12/2022 03, 27, 29, 33, 48 07 
01/13/2022 03, 10, 24, 27, 37 17 
01/14/2022 02, 12, 14, 36, 40 03 
01/15/2022 02, 09, 25, 28, 36 15 
01/16/2022 05, 10, 18, 28, 48 13 
01/17/2022 09, 29, 33, 38, 45 02 
01/18/2022 04, 31, 36, 37, 43 16 
01/19/2022 17, 20, 24, 40, 42 09 
01/20/2022 04, 25, 27, 33, 43 05 
01/21/2022 04, 23, 25, 28, 35 16 
01/22/2022 09, 15, 17, 21, 48 05 
01/23/2022 07, 20, 34, 37, 43 10 
01/24/2022 09, 22, 25, 29, 31 01 
01/25/2022 19, 30, 32, 36, 41 12 
01/26/2022 10, 11, 15, 18, 22 03 
01/27/2022 16, 23, 27, 34, 40 07 
01/28/2022 11, 21, 27, 32, 48 07 
01/29/2022 03, 28, 31, 35, 46 06 
01/30/2022 04, 11, 23, 24, 31 11 
01/31/2022 03, 27, 28, 35, 41 07 
02/01/2022 04, 10, 20, 25, 36 17 
02/02/2022 03, 05, 11, 32, 40 16 
02/03/2022 06, 14, 16, 25, 36 04 
02/04/2022 19, 20, 22, 28, 41 11 
02/05/2022 04, 18, 25, 43, 45 12 
02/06/2022 24, 25, 33, 37, 40 08 
02/07/2022 06, 28, 36, 39, 41 16 
02/08/2022 03, 10, 14, 16, 29 06 
02/09/2022 08, 16, 22, 23, 40 15 
02/10/2022 08, 16, 25, 28, 48 09 
02/11/2022 05, 07, 16, 19, 43 03 
02/12/2022 13, 25, 27, 39, 45 16 
02/13/2022 04, 14, 18, 19, 37 04 
02/14/2022 03, 10, 20, 27, 41 07 
02/15/2022 25, 27, 28, 31, 38 09 
02/16/2022 01, 02, 07, 32, 40 16 
02/17/2022 09, 29, 33, 38, 41 01 
02/18/2022 01, 03, 23, 42, 45 06 
02/19/2022 05, 06, 14, 37, 41 17 
02/20/2022 12, 15, 24, 35, 48 03 
02/21/2022 10, 19, 35, 43, 45 11 
02/22/2022 07, 23, 24, 28, 48 15 
02/23/2022 01, 21, 22, 28, 32 01 
02/24/2022 01, 02, 05, 10, 34 06 
02/25/2022 09, 23, 25, 32, 38 14 
02/26/2022 30, 40, 44, 47, 48 15 
02/27/2022 07, 08, 33, 39, 47 01 
02/28/2022 03, 26, 29, 30, 35 15 
03/01/2022 15, 21, 30, 31, 35 18 
03/02/2022 12, 20, 30, 32, 46 16 
03/03/2022 05, 14, 18, 20, 29 09 
03/04/2022 05, 08, 30, 33, 39 05 
03/05/2022 07, 10, 24, 35, 46 12 
03/06/2022 15, 29, 34, 44, 46 08 
03/07/2022 08, 13, 19, 21, 34 11 
03/08/2022 01, 08, 17, 26, 41 11 
03/09/2022 06, 12, 25, 38, 47 11 
03/10/2022 01, 07, 18, 41, 42 03 
03/11/2022 09, 22, 29, 30, 47 10 
03/12/2022 03, 04, 06, 21, 23 16 
03/13/2022 04, 07, 09, 15, 28 11 
03/14/2022 03, 10, 12, 22, 47 14 
03/15/2022 25, 33, 34, 35, 46 02 
03/16/2022 02, 03, 06, 33, 46 12 
03/17/2022 10, 26, 28, 42, 45 06 
03/18/2022 01, 03, 22, 29, 37 03 
03/19/2022 06, 13, 16, 37, 41 18 
03/20/2022 07, 08, 26, 31, 39 01 
03/21/2022 08, 11, 40, 43, 46 10 
03/22/2022 09, 11, 26, 34, 36 06 
03/23/2022 01, 03, 28, 34, 42 06 
03/24/2022 11, 12, 19, 26, 46 12 
03/25/2022 28, 30, 32, 33, 39 02 
03/26/2022 13, 23, 28, 34, 39 04 
03/27/2022 01, 05, 11, 25, 42 07 
03/28/2022 13, 31, 34, 35, 37 03 
03/29/2022 06, 15, 16, 22, 47 06 
03/30/2022 05, 37, 38, 46, 48 09
03/31/2022 08, 20, 36, 41, 45 17 
04/01/2022 06, 16, 25, 40, 47 09 
04/02/2022 19, 23, 32, 34, 39 16 
04/03/2022 10, 20, 21, 32, 36 11 
04/04/2022 16, 18, 29, 32, 33 03 
04/05/2022 01, 15, 28, 29, 41 09 
04/06/2022 03, 05, 10, 18, 23 04 
04/07/2022 08, 24, 27, 30, 33 14 
04/08/2022 06, 16, 20, 36, 39 07 
04/09/2022 01, 04, 10, 26, 42 11
04/10/2022 07, 08, 10, 17, 32 16 
04/11/2022 01, 08, 38, 41, 43 06 
04/12/2022 01, 14, 15, 31, 32 18 
04/13/2022 10, 26, 38, 39, 40 18 
04/14/2022 05, 13, 15, 30, 37 10 
04/15/2022 01, 21, 22, 46, 48 09 
04/16/2022 06, 27, 28, 35, 44 03 
04/17/2022 04, 07, 10, 16, 23 12 
04/18/2022 02, 14, 28, 41, 48 11 
04/19/2022 01, 26, 38, 41, 42 11 
04/20/2022 11, 17, 28, 32, 42 02 
04/21/2022 06, 11, 12, 30, 31 03 
04/22/2022 02, 05, 20, 41, 47 08 
04/23/2022 02, 29, 30, 37, 42 14 
04/24/2022 11, 13, 28, 30, 37 04 
04/25/2022 08, 18, 32, 36, 43 04 
04/26/2022 02, 22, 35, 38, 39 02 
04/27/2022 04, 06, 13, 24, 41 16 
04/28/2022 17, 19, 20, 26, 45 17 
04/29/2022 08, 15, 20, 32, 39 15 
04/30/2022 03, 05, 07, 33, 45 17 
05/01/2022 07, 08, 19, 36, 38 10 
05/02/2022 02, 12, 32, 35, 43 14 
05/03/2022 05, 08, 11, 33, 34 14 
05/04/2022 14, 20, 21, 34, 44 14 
05/05/2022 10, 12, 21, 33, 34 04 
05/06/2022 07, 17, 23, 35, 46 14 
05/07/2022 10, 23, 24, 38, 41 08 
05/08/2022 18, 19, 24, 29, 47 10 
05/09/2022 12, 19, 30, 34, 39 15 
05/10/2022 01, 13, 18, 22, 45 07 
05/11/2022 02, 20, 30, 31, 39 15 
05/12/2022 15, 21, 23, 32, 45 12 
05/13/2022 06, 09, 13, 28, 38 18 
05/14/2022 04, 09, 13, 33, 44 03 
05/15/2022 04, 07, 13, 25, 40 13 
05/16/2022 02, 10, 11, 18, 22 17 
05/17/2022 05, 16, 29, 31, 32 14 
05/18/2022 13, 28, 36, 37, 42 08 
05/19/2022 15, 16, 18, 23, 25 14 
05/20/2022 03, 19, 43, 44, 48 02 
05/21/2022 13, 17, 31, 41, 47 13 
05/22/2022 07, 11, 25, 31, 46 18 
05/23/2022 01, 02, 06, 30, 46 12 
05/24/2022 01, 03, 26, 39, 46 10 
05/25/2022 11, 12, 28, 30, 37 01 
05/26/2022 24, 26, 27, 39, 46 15 
05/27/2022 02, 03, 17, 38, 47 01 
05/28/2022 03, 21, 31, 37, 40 05 
05/29/2022 06, 15, 29, 35, 38 09 
05/30/2022 07, 24, 32, 34, 36 05 
05/31/2022 01, 06, 11, 35, 46 18 
06/01/2022 11, 15, 26, 35, 44 04 
06/02/2022 03, 28, 32, 38, 39 18 
06/03/2022 02, 30, 32, 40, 46 16 
06/04/2022 03, 06, 12, 34, 45 09 
06/05/2022 11, 19, 21, 39, 46 14 
06/06/2022 09, 21, 24, 29, 36 15 
06/07/2022 04, 10, 15, 23, 47 09 
06/08/2022 05, 14, 16, 25, 26 10 
06/09/2022 02, 12, 16, 33, 35 10 
06/10/2022 12, 18, 26, 37, 39 08 
06/11/2022 11, 16, 31, 37, 41 02 
06/12/2022 01, 16, 26, 27, 44 03 
06/13/2022 09, 16, 17, 24, 27 04 
06/14/2022 18, 24, 25, 29, 37 09 
06/15/2022 13, 17, 19, 32, 37 13 
06/16/2022 06, 14, 23, 36, 40 06 
06/17/2022 06, 13, 21, 31, 40 01 
06/18/2022 12, 15, 16, 25, 47 10 
06/19/2022 02, 16, 23, 38, 47 09 
06/20/2022 08, 22, 27, 32, 38 12 
06/21/2022 02, 19, 22, 27, 36 06 
06/22/2022 20, 24, 31, 34, 47 04 
06/23/2022 10, 12, 20, 22, 47 14 
06/24/2022 15, 18, 28, 41, 44 17 
06/25/2022 09, 11, 30, 45, 46 17
06/26/2022 06, 21, 24, 35, 48 03 
06/27/2022 02, 12, 16, 29, 40 13 
06/28/2022 01, 14, 38, 45, 48 05 
06/29/2022 16, 17, 20, 31, 42 04 
06/30/2022 04, 16, 19, 24, 46 01 
07/01/2022 13, 28, 30, 36, 37 18 
07/02/2022 03, 13, 16, 18, 27 09 
07/03/2022 20, 23, 29, 41, 48 13 
07/04/2022 05, 07, 08, 15, 30 10 
07/05/2022 08, 15, 23, 33, 48 07 
07/06/2022 01, 06, 15, 35, 42 18 
07/07/2022 02, 28, 33, 34, 43 16 
07/08/2022 02, 20, 25, 34, 43 12
07/09/2022 14, 21, 31, 35, 41 07 
07/10/2022 01, 17, 24, 35, 40 07
07/11/2022 13, 14, 20, 27, 34 08 
07/12/2022 08, 14, 23, 47, 48 09 
07/13/2022 02, 23, 28, 33, 34 11 
07/14/2022 04, 14, 16, 34, 39 03 
07/15/2022 04, 05, 10, 22, 36 14 
07/16/2022 13, 14, 34, 37, 43 18 
07/17/2022 02, 04, 18, 22, 41 01 
07/18/2022 04, 09, 16, 36, 43 09 
07/19/2022 02, 08, 19, 25, 43 17 
07/20/2022 06, 36, 38, 46, 47 10 
07/21/2022 19, 24, 25, 29, 31 08 
07/22/2022 03, 20, 33, 37, 39 11 
07/23/2022 02, 12, 16, 32, 44 09 
07/24/2022 11, 27, 37, 38, 48 16 
07/25/2022 03, 27, 33, 35, 45 02 
07/26/2022 05, 07, 16, 38, 44 09 
07/27/2022 04, 16, 29, 34, 39 10
07/28/2022 05, 15, 20, 37, 46 09
07/29/2022 03, 11, 15, 16, 45 01
07/30/2022 08, 24, 33, 44, 46 06
07/31/2022 01, 07, 08, 18, 38 01 
08/01/2022 01, 05, 14, 22, 41 15
08/02/2022 05, 20, 24, 26, 33 17 
08/03/2022 01, 17, 25, 27, 42 10 
08/04/2022 16, 21, 26, 43, 45 13 
08/05/2022 19, 27, 36, 39, 42 17 
08/06/2022 10, 16, 32, 45, 47 10 
08/07/2022 07, 12, 31, 37, 44 01 
08/08/2022 04, 21, 34, 37, 48 11 
08/09/2022 21, 37, 42, 46, 47 12 
08/10/2022 06, 19, 21, 44, 45 03 
08/11/2022 03, 08, 15, 43, 46 06 
08/12/2022 15, 26, 28, 38, 42 05 
08/13/2022 13, 26, 34, 37, 48 02 
08/14/2022 01, 03, 15, 17, 37 13 
08/15/2022 01, 22, 26, 28, 47 13 
08/16/2022 26, 33, 41, 45, 46 10 
08/17/2022 04, 07, 27, 37, 42 15 
08/18/2022 07, 13, 17, 22, 25 04 
08/19/2022 25, 30, 40, 43, 44 03 
08/20/2022 03, 38, 43, 44, 48 18 
08/21/2022 17, 19, 22, 31, 35 08 
08/22/2022 06, 07, 15, 41, 43 02 
08/23/2022 04, 05, 21, 27, 48 04 
08/24/2022 23, 26, 30, 38, 40 12 
08/25/2022 05, 06, 09, 27, 30 08 
08/26/2022 02, 08, 16, 30, 45 01 
08/27/2022 01, 05, 10, 33, 38 09 
08/28/2022 04, 05, 35, 37, 48 02 
08/29/2022 02, 06, 24, 32, 39 11 
08/30/2022 08, 15, 19, 46, 47 18 
08/31/2022 05, 23, 26, 29, 36 10 
09/01/2022 01, 10, 24, 26, 30 09 
09/02/2022 01, 12, 17, 28, 44 14 
09/03/2022 06, 08, 14, 25, 42 06 
09/04/2022 10, 11, 29, 45, 48 04 
09/05/2022 05, 10, 21, 37, 39 12 
09/06/2022 03, 08, 39, 44, 47 03 
09/07/2022 02, 27, 37, 40, 42 05 
09/08/2022 04, 11, 17, 25, 26 03 
09/09/2022 08, 16, 23, 34, 42 17 
09/10/2022 20, 23, 29, 30, 34 15 
09/11/2022 03, 05, 28, 33, 43 18 
09/12/2022 04, 06, 16, 41, 46 11 
09/13/2022 12, 15, 28, 29, 48 04 
09/14/2022 04, 12, 25, 39, 43 07 
09/15/2022 02, 18, 27, 41, 45 09 
09/16/2022 23, 33, 34, 35, 42 14 
09/17/2022 11, 12, 23, 31, 45 03 
09/18/2022 04, 05, 08, 16, 19 09 
09/19/2022 04, 06, 11, 15, 42 10 
09/20/2022 05, 26, 28, 37, 42 10 
09/21/2022 08, 19, 25, 28, 35 10 
09/22/2022 04, 10, 28, 31, 41 06 
09/23/2022 10, 14, 17, 42, 43 11 
09/24/2022 10, 18, 23, 31, 46 03 
09/25/2022 04, 05, 17, 39, 41 15
09/26/2022 05, 12, 18, 21, 27 11 
09/27/2022 02, 10, 38, 42, 47 04
09/28/2022 02, 04, 25, 44, 46 13 
09/29/2022 03, 10, 11, 27, 30 05
09/30/2022 05, 14, 23, 27, 48 10 
10/01/2022 11, 24, 29, 32, 38 06
10/02/2022 01, 03, 10, 12, 13 02 
10/03/2022 02, 09, 27, 33, 40 01
10/04/2022 21, 25, 32, 37, 40 17 
10/05/2022 01, 14, 32, 45, 46 01
10/06/2022 08, 13, 17, 21, 45 15
10/07/2022 07, 09, 13, 16, 18 01 
10/08/2022 06, 18, 33, 38, 39 17 
10/09/2022 18, 24, 25, 27, 29 17 
10/10/2022 15, 16, 20, 28, 40 09 
10/11/2022 11, 14, 20, 23, 26 02 
10/12/2022 10, 14, 15, 17, 30 02 
10/13/2022 09, 17, 27, 42, 48 14 
10/14/2022 08, 13, 26, 33, 37 04 
10/15/2022 08, 15, 25, 34, 43 13 
10/16/2022 06, 14, 15, 20, 33 01 
10/17/2022 12, 19, 24, 27, 38 11 
10/18/2022 02, 18, 28, 29, 43 04 
10/19/2022 01, 06, 26, 28, 31 08 
10/20/2022 03, 27, 33, 40, 41 12 
10/21/2022 14, 20, 27, 47, 48 03 
10/22/2022 01, 10, 32, 37, 41 08 
10/23/2022 33, 42, 44, 47, 48 15 
10/24/2022 01, 05, 09, 31, 38 03 
10/25/2022 17, 30, 40, 41, 45 01 
10/26/2022 18, 21, 22, 35, 38 18 
10/27/2022 15, 28, 29, 37, 43 06 
10/28/2022 14, 18, 22, 37, 43 13 
10/29/2022 11, 12, 39, 41, 44 11 
10/30/2022 25, 27, 28, 34, 44 07 
10/31/2022 03, 13, 16, 19, 28 03 
11/01/2022 01, 06, 10, 35, 45 01 
11/02/2022 06, 10, 16, 26, 42 09 
11/03/2022 14, 19, 26, 32, 36 06 
11/04/2022 07, 14, 15, 36, 43 02 
11/05/2022 08, 18, 20, 45, 47 15 
11/06/2022 01, 07, 17, 32, 36 04 
11/07/2022 11, 12, 15, 34, 43 15 
11/08/2022 15, 17, 33, 37, 40 06 
11/09/2022 03, 05, 09, 36, 41 01 
11/10/2022 12, 30, 34, 36, 43 16 
11/11/2022 02, 23, 29, 42, 46 01 
11/12/2022 02, 12, 26, 29, 35 18 
11/13/2022 20, 21, 24, 33, 45 02 
11/14/2022 04, 15, 19, 36, 43 17 
11/15/2022 17, 28, 33, 34, 36 11 
11/16/2022 01, 16, 21, 32, 44 08 
11/17/2022 13, 14, 22, 23, 30 03 
11/18/2022 20, 24, 26, 33, 41 18 
11/19/2022 01, 21, 34, 39, 44 10 
11/20/2022 19, 24, 35, 43, 47 05 
11/21/2022 01, 02, 05, 33, 38 12 
11/22/2022 08, 11, 13, 20, 28 04 
11/23/2022 20, 21, 24, 34, 37 14 
11/24/2022 12, 15, 22, 25, 43 10 
11/25/2022 01, 06, 23, 36, 42 01 
11/26/2022 05, 12, 18, 19, 31 04 
11/27/2022 02, 25, 27, 30, 39 12 
11/28/2022 17, 21, 35, 36, 42 09 
11/29/2022 17, 18, 26, 27, 48 13 
11/30/2022 05, 06, 11, 15, 30 09 
12/01/2022 04, 10, 27, 42, 48 01 
12/02/2022 04, 08, 20, 25, 34 16 
12/03/2022 01, 07, 13, 30, 40 03 
12/04/2022 04, 08, 22, 38, 43 12 
12/05/2022 15, 19, 20, 38, 48 15 
12/06/2022 11, 16, 22, 31, 42 18 
12/07/2022 02, 23, 32, 44, 48 02 
12/08/2022 02, 04, 14, 29, 40 08 
12/09/2022 04, 23, 31, 44, 46 05 
12/10/2022 02, 16, 30, 39, 41 09 
12/11/2022 04, 15, 28, 32, 45 18 
12/12/2022 13, 15, 29, 36, 44 08 
12/13/2022 04, 05, 10, 20, 34 06 
12/14/2022 02, 04, 06, 17, 20 05 
12/15/2022 02, 10, 19, 35, 46 15 
12/16/2022 01, 22, 30, 32, 34 18 
12/17/2022 08, 12, 36, 39, 47 14 
12/18/2022 11, 19, 20, 25, 34 18
12/19/2022 10, 12, 23, 32, 45 11 
12/20/2022 22, 23, 26, 34, 39 17
12/21/2022 01, 05, 21, 27, 38 03 
12/22/2022 08, 16, 24, 27, 38 01
12/23/2022 05, 12, 30, 37, 41 17 
12/24/2022 04, 07, 15, 25, 36 07
12/25/2022 09, 25, 34, 41, 48 18 
12/26/2022 17, 18, 22, 37, 43 16
12/27/2022 09, 19, 35, 42, 43 06 
12/28/2022 07, 10, 14, 15, 41 08
12/29/2022 07, 09, 11, 23, 32 12 
12/30/2022 08, 13, 35, 42, 47 01
12/31/2022 02, 05, 37, 39, 40 14 
01/01/2023 01, 04, 07, 14, 36 11
01/02/2023 04, 12, 15, 25, 44 01 
01/03/2023 14, 24, 34, 45, 47 01
01/04/2023 02, 05, 11, 13, 40 15 
01/05/2023 07, 15, 23, 32, 40 02
01/06/2023 07, 18, 24, 33, 43 06 
01/07/2023 04, 05, 13, 22, 44 08
01/08/2023 06, 18, 32, 42, 47 09 
01/09/2023 03, 05, 24, 26, 31 05
01/10/2023 07, 15, 29, 41, 43 05 
01/11/2023 24, 39, 41, 42, 45 06
01/12/2023 03, 12, 17, 42, 45 06 
01/13/2023 03, 17, 21, 24, 44 10
01/14/2023 04, 07, 16, 22, 40 08 
01/15/2023 05, 08, 13, 41, 44 10
01/16/2023 11, 17, 25, 31, 38 17 
01/17/2023 03, 04, 25, 35, 48 18
01/18/2023 12, 27, 35, 42, 44 06 
01/19/2023 06, 08, 12, 21, 42 06
01/20/2023 02, 10, 28, 30, 44 13 
01/21/2023 06, 10, 11, 29, 35 07
01/22/2023 07, 09, 13, 24, 44 05 
01/23/2023 01, 02, 26, 36, 38 01
01/24/2023 01, 25, 28, 39, 47 10 
01/25/2023 19, 22, 29, 41, 43 13
01/26/2023 15, 17, 26, 29, 35 09 
01/27/2023 04, 05, 07, 39, 42 10
01/28/2023 02, 05, 35, 38, 45 09 
01/29/2023 15, 16, 21, 23, 46 06
01/30/2023 09, 16, 34, 46, 47 13 
01/31/2023 02, 03, 10, 15, 22 12
02/01/2023 11, 19, 31, 33, 46 10 
02/02/2023 10, 17, 22, 42, 46 13
02/03/2023 02, 20, 31, 34, 48 03 
02/04/2023 14, 24, 30, 44, 47 18
02/05/2023 02, 16, 23, 43, 47 03 
02/06/2023 01, 05, 15, 39, 46 16
02/07/2023 03, 07, 18, 31, 32 04 
02/08/2023 02, 10, 32, 37, 40 05
02/09/2023 17, 33, 35, 38, 48 03 
02/10/2023 10, 11, 12, 18, 27 18
02/11/2023 01, 12, 13, 36, 48 06 
02/12/2023 08, 09, 21, 22, 32 18
02/13/2023 01, 08, 15, 39, 48 07 
02/14/2023 07, 21, 27, 41, 44 13
02/15/2023 09, 16, 28, 35, 44 01 
02/16/2023 06, 11, 40, 42, 45 10
02/17/2023 24, 33, 36, 42, 47 14
02/18/2023 09, 10, 22, 24, 34 10
02/19/2023 08, 16, 31, 39, 47 07 
02/20/2023 08, 12, 41, 42, 47 01
02/21/2023 19, 22, 35, 41, 48 07 
02/22/2023 07, 26, 37, 39, 47 06
02/23/2023 01, 07, 20, 21, 38 15 
02/24/2023 17, 22, 24, 30, 44 05
02/25/2023 26, 28, 38, 42, 46 01 
02/26/2023 05, 09, 18, 35, 38 09
02/27/2023 02, 03, 17, 38, 40 08 
02/28/2023 01, 20, 32, 41, 44 14
03/01/2023 06, 11, 19, 35, 46 07 
03/02/2023 10, 13, 33, 40, 47 15
03/03/2023 09, 12, 35, 37, 44 15 
03/04/2023 04, 07, 15, 17, 30 05
03/05/2023 01, 07, 10, 25, 43 11 
03/06/2023 03, 07, 24, 25, 28 04
03/07/2023 10, 28, 30, 37, 38 01 
03/08/2023 01, 16, 31, 36, 44 05
03/09/2023 28, 39, 43, 44, 47 18 
03/10/2023 11, 14, 24, 29, 43 06
03/11/2023 03, 07, 10, 28, 35 17 
03/12/2023 09, 27, 32, 37, 43 01
03/13/2023 03, 09, 20, 27, 37 15 
03/14/2023 02, 03, 14, 18, 47 04
03/15/2023 16, 20, 21, 39, 40 15 
03/16/2023 05, 22, 28, 34, 45 07
03/17/2023 26, 29, 35, 39, 48 05 
03/18/2023 08, 18, 19, 29, 41 04 
03/19/2023 23, 27, 30, 37, 47 03 
03/20/2023 01, 06, 12, 31, 38 07 
03/21/2023 07, 25, 36, 38, 43 03 
03/22/2023 07, 19, 30, 33, 44 18 
03/23/2023 03, 07, 24, 26, 48 12 
03/24/2023 01, 08, 30, 31, 43 17 
03/25/2023 09, 11, 20, 22, 48 14 
03/26/2023 20, 30, 33, 40, 47 13 
03/27/2023 13, 24, 26, 36, 47 05 
03/28/2023 07, 09, 16, 28, 30 05 
03/29/2023 17, 22, 29, 30, 47 15 
03/30/2023 10, 27, 34, 36, 48 13 
03/31/2023 16, 19, 28, 31, 34 04 
04/01/2023 01, 12, 25, 39, 45 03 
04/02/2023 03, 06, 18, 22, 40 05 
04/03/2023 02, 13, 21, 45, 46 16 
04/04/2023 10, 13, 20, 22, 25 08 
04/05/2023 06, 13, 17, 25, 33 15 
04/06/2023 03, 10, 17, 33, 36 06 
04/07/2023 21, 25, 31, 42, 48 11 
04/08/2023 01, 16, 18, 20, 41 05 
04/09/2023 12, 15, 28, 35, 37 07 
04/10/2023 03, 05, 06, 17, 21 18 
04/11/2023 01, 05, 09, 33, 47 16 
04/12/2023 12, 17, 21, 31, 46 01 
04/13/2023 04, 11, 19, 28, 37 12 
04/14/2023 03, 15, 38, 40, 44 03 
04/15/2023 06, 10, 22, 23, 33 16 
04/16/2023 06, 21, 29, 34, 47 18 
04/17/2023 03, 06, 12, 38, 46 12 
04/18/2023 15, 19, 22, 23, 34 10 
04/19/2023 02, 03, 18, 23, 31 10 
04/20/2023 01, 05, 18, 33, 48 09 
04/21/2023 04, 07, 08, 25, 29 02 
04/22/2023 05, 18, 38, 41, 45 13 
04/23/2023 16, 21, 31, 33, 36 12 
04/24/2023 17, 18, 21, 25, 42 13 
04/25/2023 17, 28, 33, 40, 42 15 
04/26/2023 20, 26, 28, 38, 43 12 
04/27/2023 06, 11, 12, 34, 42 09 
04/28/2023 09, 31, 32, 34, 47 15 
04/29/2023 17, 19, 34, 36, 37 08 
04/30/2023 08, 11, 30, 37, 47 13 
05/01/2023 07, 10, 14, 16, 26 02 
05/02/2023 29, 30, 34, 46, 48 12 
05/03/2023 04, 08, 12, 36, 46 13 
05/04/2023 08, 09, 13, 19, 43 17 
05/05/2023 06, 09, 28, 37, 39 03 
05/06/2023 24, 32, 35, 38, 42 02 
05/07/2023 03, 06, 07, 19, 42 02 
05/08/2023 03, 15, 31, 33, 44 14 
05/09/2023 06, 12, 15, 41, 46 08 
05/10/2023 08, 09, 35, 37, 40 14 
05/11/2023 10, 16, 34, 40, 47 05 
05/12/2023 01, 02, 13, 24, 35 14 
05/13/2023 10, 12, 16, 23, 32 02 
05/14/2023 05, 10, 28, 45, 48 08 
05/15/2023 01, 13, 17, 34, 41 11 
05/16/2023 01, 14, 18, 23, 34 06 
05/17/2023 15, 22, 28, 29, 41 06 
05/18/2023 10, 16, 23, 36, 38 01 
05/19/2023 01, 10, 28, 30, 40 16 
05/20/2023 13, 23, 30, 34, 39 13 
05/21/2023 09, 11, 18, 22, 27 09 
05/22/2023 17, 25, 37, 40, 41 01 
05/23/2023 16, 22, 24, 26, 27 08 
05/24/2023 01, 25, 26, 46, 47 18 
05/25/2023 10, 20, 30, 45, 48 03 
05/26/2023 02, 12, 27, 32, 38 14 
05/27/2023 01, 03, 12, 35, 45 05 
05/28/2023 02, 10, 21, 36, 44 09 
05/29/2023 14, 17, 32, 33, 44 14 
05/30/2023 25, 28, 35, 43, 46 02 
05/31/2023 10, 19, 43, 45, 47 11 
06/01/2023 02, 15, 17, 22, 28 11 
06/02/2023 17, 22, 26, 31, 48 18 
06/03/2023 16, 19, 20, 42, 46 12 
06/04/2023 13, 15, 20, 35, 41 02 
06/05/2023 15, 20, 23, 33, 46 17 
06/06/2023 03, 35, 38, 43, 47 15 
06/07/2023 01, 05, 18, 43, 47 13 
06/08/2023 12, 32, 38, 42, 46 06 
06/09/2023 03, 15, 17, 21, 35 15 
06/10/2023 02, 17, 19, 29, 34 10 
06/11/2023 14, 23, 24, 36, 47 05 
06/12/2023 09, 26, 27, 35, 41 17 
06/13/2023 03, 10, 11, 14, 21 02 
06/14/2023 06, 16, 28, 34, 45 18 
06/15/2023 06, 07, 26, 44, 47 06 
06/16/2023 02, 06, 34, 38, 46 02 
06/17/2023 14, 29, 30, 40, 44 18 
06/18/2023 06, 12, 14, 17, 41 15 
06/19/2023 15, 17, 22, 43, 45 10 
06/20/2023 10, 17, 26, 28, 30 10 
06/21/2023 02, 05, 28, 30, 37 12 
06/22/2023 11, 13, 34, 35, 42 16 
06/23/2023 15, 23, 27, 38, 48 03 
06/24/2023 02, 23, 29, 32, 37 09 
06/25/2023 16, 17, 18, 35, 47 11 
06/26/2023 01, 08, 24, 29, 36 01 
06/27/2023 01, 15, 20, 31, 44 18 
06/28/2023 14, 27, 38, 40, 45 13 
06/29/2023 05, 24, 28, 38, 46 08 
06/30/2023 01, 34, 42, 45, 48 04 
07/01/2023 03, 26, 27, 29, 48 11 
07/02/2023 01, 16, 17, 31, 46 11 
07/03/2023 12, 14, 25, 29, 43 03 
07/04/2023 03, 06, 21, 41, 42 10 
07/05/2023 08, 16, 26, 30, 38 02 
07/06/2023 05, 07, 11, 12, 40 05 
07/07/2023 02, 03, 15, 16, 34 13 
07/08/2023 17, 30, 33, 36, 44 09 
07/09/2023 06, 08, 18, 19, 48 11 
07/10/2023 06, 15, 32, 34, 39 01 
07/11/2023 03, 21, 24, 28, 35 14 
07/12/2023 15, 16, 18, 20, 45 17 
07/13/2023 19, 20, 21, 22, 25 12 
07/14/2023 06, 08, 16, 19, 45 18 
07/15/2023 06, 09, 20, 21, 27 04 
07/16/2023 03, 09, 44, 46, 48 09 
07/17/2023 02, 04, 17, 30, 45 12 
07/18/2023 04, 20, 21, 47, 48 02 
07/19/2023 12, 16, 28, 32, 45 01 
07/20/2023 12, 27, 31, 39, 46 05 
07/21/2023 01, 13, 28, 30, 41 07 
07/22/2023 15, 22, 23, 30, 44 05 
07/23/2023 08, 12, 17, 19, 31 12 
07/24/2023 03, 17, 31, 35, 42 12 
07/25/2023 02, 03, 06, 07, 33 10 
07/26/2023 04, 15, 32, 34, 38 15 
07/27/2023 19, 25, 32, 36, 40 12 
07/28/2023 02, 03, 07, 21, 42 01 
07/29/2023 09, 14, 23, 30, 34 04 
07/30/2023 05, 09, 19, 44, 46 15 
07/31/2023 08, 26, 28, 30, 35 01 
08/01/2023 13, 33, 40, 42, 47 08 
08/02/2023 04, 15, 31, 39, 46 14 
08/03/2023 05, 18, 19, 25, 48 04 
08/04/2023 03, 16, 18, 42, 47 07 
08/05/2023 18, 24, 27, 43, 44 07 
08/06/2023 04, 06, 22, 25, 48 08 
08/07/2023 04, 08, 12, 37, 38 11 
08/08/2023 09, 11, 19, 36, 45 13 
08/09/2023 13, 19, 26, 27, 43 09 
08/10/2023 08, 15, 23, 38, 42 15 
08/11/2023 05, 08, 26, 32, 40 11 
08/12/2023 11, 25, 29, 30, 42 05 
08/13/2023 03, 06, 12, 37, 44 03 
08/14/2023 06, 25, 37, 39, 47 07 
08/15/2023 01, 21, 23, 28, 30 07 
08/16/2023 13, 19, 25, 33, 48 15 
08/17/2023 05, 14, 17, 24, 34 07 
08/18/2023 07, 08, 25, 36, 46 14 
08/19/2023 07, 16, 34, 35, 42 13 
08/20/2023 02, 18, 34, 41, 47 05 
08/21/2023 02, 12, 15, 28, 43 10 
08/22/2023 05, 14, 15, 33, 43 17 
08/23/2023 05, 21, 29, 33, 37 17 
08/24/2023 05, 30, 35, 40, 41 07 
08/25/2023 04, 06, 26, 41, 44 06 
08/26/2023 10, 13, 24, 30, 40 07 
08/27/2023 38, 41, 42, 45, 46 12 
08/28/2023 05, 19, 26, 40, 48 13 
08/29/2023 09, 24, 32, 42, 43 16 
08/30/2023 06, 08, 14, 39, 40 13 
08/31/2023 01, 27, 30, 39, 41 06 
09/01/2023 18, 22, 34, 39, 47 14 
09/02/2023 14, 19, 37, 46, 47 16 
09/03/2023 09, 22, 26, 35, 41 17 
09/04/2023 02, 04, 08, 16, 22 15 
09/05/2023 03, 23, 24, 31, 48 09 
09/06/2023 06, 08, 09, 31, 48 04 
09/07/2023 12, 34, 38, 46, 48 07 
09/08/2023 01, 03, 13, 35, 43 06 
09/09/2023 11, 16, 27, 38, 42 18 
09/10/2023 09, 16, 19, 20, 48 03 
09/11/2023 07, 16, 22, 34, 45 11 
09/12/2023 03, 11, 13, 26, 45 13 
09/13/2023 02, 08, 30, 32, 37 10 
09/14/2023 09, 19, 23, 26, 47 18 
09/15/2023 02, 03, 24, 36, 47 13 
09/16/2023 08, 20, 32, 38, 43 18 
09/17/2023 11, 15, 17, 24, 48 13 
09/18/2023 02, 22, 28, 31, 38 06 
09/19/2023 01, 03, 10, 23, 34 03 
09/20/2023 08, 09, 20, 31, 47 11 
09/21/2023 08, 12, 29, 32, 34 18 
09/22/2023 08, 30, 31, 40, 46 14 
09/23/2023 15, 18, 30, 44, 46 06 
09/24/2023 06, 25, 26, 28, 31 17 
09/25/2023 02, 07, 09, 11, 18 07 
09/26/2023 12, 14, 16, 32, 33 04 
09/27/2023 15, 26, 31, 33, 38 10 
09/28/2023 16, 19, 25, 30, 47 11 
09/29/2023 12, 20, 21, 33, 38 11 
09/30/2023 23, 26, 38, 43, 45 12 
10/01/2023 11, 13, 24, 29, 47 03 
10/02/2023 09, 10, 21, 38, 46 12 
10/03/2023 03, 11, 16, 18, 33 01 
10/04/2023 11, 25, 28, 43, 45 10 
10/05/2023 15, 23, 30, 40, 41 09 
10/06/2023 07, 28, 33, 37, 38 10 
10/07/2023 10, 18, 21, 29, 40 17 
10/08/2023 01, 03, 04, 11, 48 10 
10/09/2023 09, 13, 17, 30, 38 10 
10/10/2023 03, 06, 19, 35, 44 18 
10/11/2023 23, 25, 26, 37, 38 15 
10/12/2023 11, 15, 22, 28, 29 18 
10/13/2023 08, 14, 19, 21, 30 13 
10/14/2023 19, 22, 23, 27, 48 03 
10/15/2023 04, 10, 14, 38, 42 01 
10/16/2023 09, 15, 17, 18, 48 05 
10/17/2023 02, 14, 15, 21, 35 06 
10/18/2023 14, 24, 28, 39, 47 17 
10/19/2023 12, 30, 31, 35, 47 02 
10/20/2023 02, 08, 37, 39, 40 01 
10/21/2023 02, 06, 24, 27, 38 02 
10/22/2023 24, 30, 41, 46, 47 06 
10/23/2023 11, 13, 15, 22, 44 02 
10/24/2023 02, 16, 21, 29, 35 07 
10/25/2023 01, 19, 31, 32, 38 05 
10/26/2023 09, 24, 34, 39, 45 18 
10/27/2023 08, 13, 15, 29, 48 09 
10/28/2023 02, 13, 19, 44, 46 06 
10/29/2023 17, 25, 35, 40, 47 12 
10/30/2023 03, 06, 12, 14, 17 18 
10/31/2023 28, 31, 33, 40, 47 16 
11/01/2023 16, 18, 32, 36, 47 14 
11/02/2023 10, 14, 17, 27, 48 10 
11/03/2023 11, 16, 30, 34, 40 03 
11/04/2023 10, 12, 20, 28, 48 11 
11/05/2023 01, 13, 32, 45, 48 14 
11/06/2023 09, 11, 12, 20, 32 10 
11/07/2023 01, 12, 20, 37, 45 04 
11/08/2023 11, 25, 27, 42, 45 12 
11/09/2023 02, 15, 22, 35, 39 02 
11/10/2023 06, 18, 28, 31, 42 17 
11/11/2023 10, 24, 27, 31, 37 11 
11/12/2023 02, 13, 27, 28, 34 18 
11/13/2023 08, 10, 30, 45, 47 14 
11/14/2023 20, 35, 36, 44, 48 01 
11/15/2023 05, 06, 15, 20, 48 05 
11/16/2023 11, 22, 25, 29, 34 10 
11/17/2023 05, 08, 27, 33, 39 17 
11/18/2023 01, 02, 03, 27, 30 05 
11/19/2023 11, 14, 29, 42, 43 03 
11/20/2023 05, 12, 16, 31, 40 09 
11/21/2023 23, 30, 36, 37, 47 15 
11/22/2023 07, 31, 35, 39, 43 04 
11/23/2023 07, 25, 33, 43, 44 09 
11/24/2023 03, 12, 15, 38, 44 09 
11/25/2023 03, 06, 09, 21, 26 04 
11/26/2023 05, 30, 31, 33, 40 07 
11/27/2023 06, 20, 22, 26, 38 17 
11/28/2023 09, 15, 18, 31, 40 16 
11/29/2023 16, 33, 38, 39, 47 10 
11/30/2023 07, 12, 28, 37, 41 02 
12/01/2023 15, 33, 34, 41, 43 17 
12/02/2023 03, 06, 17, 45, 46 15 
12/03/2023 11, 15, 28, 36, 40 11 
12/04/2023 01, 16, 22, 39, 40 05 
12/05/2023 11, 12, 21, 22, 35 01 
12/06/2023 04, 09, 15, 25, 40 11 
12/07/2023 03, 11, 17, 18, 38 02 
12/08/2023 26, 28, 31, 33, 37 18 
12/09/2023 01, 06, 19, 28, 48 02 
12/10/2023 11, 19, 20, 37, 44 09 
12/11/2023 13, 14, 19, 31, 34 04 
12/12/2023 28, 30, 31, 34, 45 17 
12/13/2023 08, 35, 37, 39, 46 07 
12/14/2023 11, 18, 41, 46, 48 08 
12/15/2023 05, 16, 20, 23, 30 15 
12/16/2023 12, 17, 27, 36, 44 10 
12/17/2023 06, 14, 21, 37, 43 05 
12/18/2023 09, 11, 17, 32, 33 06 
12/19/2023 07, 10, 23, 31, 32 14 
12/20/2023 01, 11, 19, 34, 40 11 
12/21/2023 08, 10, 20, 21, 47 03 
12/22/2023 12, 13, 22, 31, 46 02 
12/23/2023 03, 09, 11, 14, 48 05 
12/24/2023 02, 18, 22, 39, 41 02 
12/25/2023 04, 15, 27, 29, 30 02 
12/26/2023 08, 26, 27, 29, 33 09 
12/27/2023 08, 12, 36, 38, 45 01 
12/28/2023 12, 18, 31, 36, 46 11 
12/29/2023 11, 17, 21, 40, 46 03 
12/30/2023 06, 13, 17, 37, 44 17 
12/31/2023 03, 10, 31, 39, 47 15 
01/01/2024 06, 07, 15, 31, 43 08 
01/02/2024 10, 24, 40, 44, 48 11 
01/03/2024 03, 17, 21, 25, 43 12 
01/04/2024 10, 15, 30, 45, 46 15 
01/05/2024 15, 21, 29, 35, 41 18 
01/06/2024 08, 15, 20, 38, 39 14 
01/07/2024 06, 09, 19, 39, 47 15 
01/08/2024 09, 19, 25, 33, 43 06 
01/09/2024 05, 29, 30, 39, 40 17 
01/10/2024 02, 03, 15, 22, 30 14 
01/11/2024 09, 10, 21, 24, 28 07 
01/12/2024 04, 06, 14, 33, 39 04 
01/13/2024 03, 25, 32, 36, 48 06 
01/14/2024 20, 28, 33, 38, 42 10 
01/15/2024 03, 12, 14, 25, 39 09 
01/16/2024 08, 13, 21, 22, 42 07 
01/17/2024 03, 13, 16, 29, 36 14 
01/18/2024 20, 23, 24, 34, 47 03 
01/19/2024 17, 30, 33, 36, 41 08 
01/20/2024 09, 10, 18, 23, 40 16 
01/21/2024 11, 14, 16, 32, 42 11 
01/22/2024 07, 26, 30, 31, 38 03 
01/23/2024 05, 08, 11, 38, 40 01 
01/24/2024 02, 03, 13, 19, 34 08 
01/25/2024 02, 14, 35, 37, 38 11 
01/26/2024 02, 04, 13, 30, 37 07 
01/27/2024 09, 34, 36, 39, 45 13 
01/28/2024 04, 11, 23, 25, 27 08 
01/29/2024 14, 16, 28, 30, 43 13 
01/30/2024 01, 10, 23, 36, 38 02 
01/31/2024 02, 28, 38, 43, 46 01 
02/01/2024 16, 21, 23, 26, 45 02 
02/02/2024 01, 12, 24, 37, 47 06 
02/03/2024 08, 09, 18, 31, 38 09 
02/04/2024 10, 16, 27, 33, 44 13 
02/05/2024 07, 26, 39, 43, 46 12 
02/06/2024 16, 32, 34, 36, 47 03 
02/07/2024 14, 23, 45, 47, 48 09 
02/08/2024 07, 29, 31, 38, 46 17 
02/09/2024 08, 12, 18, 27, 48 17 
02/10/2024 13, 15, 27, 31, 40 12 
02/11/2024 01, 02, 11, 24, 36 16 
02/12/2024 03, 12, 18, 39, 44 07 
02/13/2024 05, 11, 35, 41, 44 12 
02/14/2024 04, 07, 39, 42, 46 04 
02/15/2024 17, 41, 42, 45, 46 16 
02/16/2024 04, 12, 15, 36, 46 17 
02/17/2024 21, 31, 36, 37, 44 07 
02/18/2024 18, 31, 42, 46, 47 14 
02/19/2024 07, 19, 31, 34, 47 11 
02/20/2024 05, 07, 13, 37, 39 14 
02/21/2024 20, 21, 29, 43, 45 13 
02/22/2024 02, 04, 06, 34, 47 08 
02/23/2024 07, 11, 30, 35, 36 05 
02/24/2024 14, 21, 28, 33, 35 18 
02/25/2024 03, 13, 14, 17, 26 12 
02/26/2024 01, 07, 17, 38, 46 12 
02/27/2024 10, 16, 28, 45, 46 05 
02/28/2024 02, 09, 19, 28, 34 12 
02/29/2024 15, 21, 37, 41, 44 02 
03/01/2024 01, 07, 29, 36, 44 04 
03/02/2024 01, 04, 19, 26, 37 02 
03/03/2024 03, 18, 20, 42, 45 08 
03/04/2024 03, 09, 17, 30, 42 15 
03/05/2024 07, 17, 22, 25, 43 11 
03/06/2024 13, 24, 28, 36, 38 01 
03/07/2024 14, 17, 28, 31, 39 03 
03/08/2024 24, 32, 36, 40, 48 06 
03/09/2024 12, 19, 22, 42, 46 17 
03/10/2024 01, 06, 26, 36, 47 04 
03/11/2024 24, 26, 31, 38, 42 17 
03/12/2024 03, 13, 24, 36, 44 11 
03/13/2024 27, 43, 44, 45, 47 18 
03/14/2024 07, 24, 27, 29, 43 10 
03/15/2024 13, 16, 18, 19, 34 05 
03/16/2024 01, 06, 19, 27, 45 14 
03/17/2024 01, 15, 20, 43, 44 04 
03/18/2024 08, 20, 35, 36, 38 16 
03/19/2024 02, 05, 19, 26, 38 06 
03/20/2024 23, 30, 33, 37, 45 01 
03/21/2024 10, 11, 32, 40, 41 15 
03/22/2024 18, 27, 34, 35, 43 16 
03/23/2024 01, 03, 08, 13, 29 11 
03/24/2024 05, 19, 30, 37, 45 13 
03/25/2024 01, 04, 31, 39, 47 05 
03/26/2024 18, 25, 34, 39, 48 12 
03/27/2024 03, 10, 16, 37, 44 04 
03/28/2024 09, 15, 29, 38, 39 16 
03/29/2024 08, 13, 14, 42, 44 02 
03/30/2024 17, 29, 36, 38, 47 16 
03/31/2024 01, 04, 13, 26, 27 01 
04/01/2024 02, 11, 29, 43, 45 05 
04/02/2024 06, 08, 17, 22, 31 13 
04/03/2024 30, 36, 41, 42, 45 15 
04/04/2024 05, 24, 26, 27, 43 01 
04/05/2024 03, 07, 17, 30, 47 15 
04/06/2024 04, 13, 19, 24, 43 15 
04/07/2024 02, 06, 11, 39, 45 11 
04/08/2024 04, 07, 33, 34, 46 13 
04/09/2024 01, 11, 12, 19, 45 03 
04/10/2024 02, 04, 07, 12, 39 14 
04/11/2024 04, 10, 27, 33, 40 08 
04/12/2024 01, 19, 20, 34, 44 04 
04/13/2024 15, 20, 34, 36, 43 09 
04/14/2024 06, 20, 30, 37, 44 18 
04/15/2024 11, 24, 25, 44, 46 04 
04/16/2024 20, 22, 28, 41, 45 18 
04/17/2024 06, 09, 19, 27, 42 02 
04/18/2024 04, 10, 16, 44, 45 14 
04/19/2024 05, 08, 24, 28, 34 05 
04/20/2024 17, 23, 28, 33, 37 10 
04/21/2024 23, 24, 31, 33, 40 10 
04/22/2024 33, 36, 39, 40, 47 15 
04/23/2024 11, 31, 32, 36, 44 08 
04/24/2024 04, 40, 41, 45, 46 06 
04/25/2024 03, 09, 21, 31, 41 08 
04/26/2024 11, 15, 27, 28, 46 07 
04/27/2024 16, 22, 26, 31, 34 12 
04/28/2024 04, 25, 32, 35, 40 09 
04/29/2024 12, 14, 16, 25, 46 16 
04/30/2024 07, 08, 19, 36, 41 01 
05/01/2024 02, 09, 19, 21, 46 13 
05/02/2024 07, 14, 16, 37, 41 17 
05/03/2024 15, 19, 32, 34, 36 07 
05/04/2024 01, 04, 05, 06, 33 01 
05/05/2024 01, 06, 10, 16, 27 08 
05/06/2024 10, 32, 35, 43, 47 06 
05/07/2024 09, 21, 22, 33, 48 18 
05/08/2024 17, 30, 31, 33, 44 16 
05/09/2024 03, 06, 07, 22, 41 04 
05/10/2024 24, 30, 32, 35, 41 11 
05/11/2024 03, 09, 20, 23, 37 02 
05/12/2024 08, 14, 26, 29, 47 15 
05/13/2024 13, 16, 20, 39, 43 11 
05/14/2024 09, 27, 43, 44, 48 09 
05/15/2024 12, 18, 24, 38, 40 05 
05/16/2024 12, 19, 34, 39, 45 14 
05/17/2024 02, 22, 31, 34, 37 09 
05/18/2024 18, 21, 34, 37, 40 13 
05/19/2024 06, 16, 32, 34, 41 12 
05/20/2024 12, 15, 19, 20, 47 16 
05/21/2024 05, 13, 24, 41, 48 15
05/22/2024 05, 08, 15, 17, 37 04 
05/23/2024 04, 08, 09, 28, 29 11 
05/24/2024 13, 17, 24, 29, 33 07 
05/25/2024 02, 04, 21, 26, 42 18 
05/26/2024 02, 17, 25, 26, 43 02 
05/27/2024 02, 09, 17, 19, 46 04 
05/28/2024 09, 18, 21, 37, 46 01 
05/29/2024 09, 12, 15, 41, 46 04 
05/30/2024 09, 11, 12, 14, 24 05 
05/31/2024 10, 31, 34, 42, 46 17 
06/01/2024 22, 29, 33, 36, 40 15 
06/02/2024 08, 16, 19, 20, 25 06 
06/03/2024 08, 21, 23, 39, 40 08 
06/04/2024 08, 13, 39, 42, 48 11 
06/05/2024 01, 02, 12, 30, 33 06 
06/06/2024 21, 28, 30, 31, 37 12 
06/07/2024 03, 12, 15, 25, 32 02 
06/08/2024 03, 17, 29, 31, 33 11 
06/09/2024 02, 03, 33, 39, 41 07 
06/10/2024 07, 09, 14, 23, 47 17 
06/11/2024 12, 23, 31, 44, 48 08 
06/12/2024 03, 12, 15, 19, 34 06 
06/13/2024 01, 12, 18, 23, 38 01 
06/14/2024 06, 21, 25, 33, 45 06 
06/15/2024 02, 07, 08, 12, 21 16 
06/16/2024 01, 12, 20, 38, 43 10 
06/17/2024 15, 26, 32, 38, 46 03 
06/18/2024 05, 14, 18, 37, 48 05 
06/19/2024 10, 16, 18, 19, 31 10 
06/20/2024 22, 24, 25, 28, 35 04 
06/21/2024 04, 07, 13, 29, 46 01 
06/22/2024 12, 14, 22, 38, 46 04 
06/23/2024 03, 05, 23, 43, 46 08 
06/24/2024 20, 26, 27, 29, 33 14 
06/25/2024 15, 20, 23, 33, 45 05 
06/26/2024 05, 12, 36, 39, 40 06 
06/27/2024 05, 14, 34, 46, 48 08 
06/28/2024 10, 21, 41, 43, 48 04 
06/29/2024 10, 11, 22, 25, 44 09 
06/30/2024 06, 09, 12, 24, 32 14 
07/01/2024 13, 22, 31, 47, 48 05 
07/02/2024 09, 15, 18, 28, 34 03 
07/03/2024 10, 11, 23, 35, 42 16 
07/04/2024 03, 04, 22, 33, 48 04 
07/05/2024 07, 15, 23, 41, 48 17 
07/06/2024 03, 13, 21, 29, 37 06 
07/07/2024 07, 13, 15, 30, 34 04 
07/08/2024 02, 09, 27, 37, 48 01 
07/09/2024 25, 31, 40, 41, 44 04 
07/10/2024 02, 14, 19, 22, 36 09 
07/11/2024 03, 04, 09, 17, 37 10 
07/12/2024 01, 02, 27, 34, 44 14 
07/13/2024 08, 16, 27, 33, 34 10 
07/14/2024 09, 13, 16, 20, 23 11 
07/15/2024 01, 02, 03, 20, 24 18 
07/16/2024 21, 26, 31, 34, 40 15 
07/17/2024 07, 18, 20, 39, 46 10 
07/18/2024 09, 22, 25, 35, 45 10 
07/19/2024 04, 07, 20, 26, 34 08 
07/20/2024 14, 19, 20, 35, 46 11 
07/21/2024 02, 05, 20, 36, 39 07 
07/22/2024 17, 19, 20, 28, 29 11 
07/23/2024 01, 04, 15, 25, 31 17 
07/24/2024 15, 18, 21, 25, 36 16 
07/25/2024 02, 11, 33, 46, 47 08 
07/26/2024 01, 04, 21, 37, 41 13 
07/27/2024 09, 32, 37, 40, 43 15 
07/28/2024 02, 04, 10, 26, 29 03 
07/29/2024 18, 28, 30, 32, 33 11 
07/30/2024 19, 22, 34, 41, 45 12 
07/31/2024 10, 16, 20, 31, 44 12 
08/01/2024 03, 25, 36, 41, 42 14 
08/02/2024 11, 13, 16, 27, 33 16 
08/03/2024 08, 10, 15, 17, 21 18 
08/04/2024 10, 17, 19, 29, 46 10 
08/05/2024 20, 26, 28, 33, 44 09 
08/06/2024 04, 15, 21, 22, 35 03 
08/07/2024 03, 09, 30, 45, 46 01 
08/08/2024 03, 04, 09, 33, 44 12 
08/09/2024 19, 26, 36, 42, 43 17 
08/10/2024 03, 26, 30, 37, 43 02 
08/11/2024 03, 05, 10, 12, 32 16 
08/12/2024 03, 06, 17, 24, 35 02 
08/13/2024 06, 30, 37, 42, 47 03 
08/14/2024 07, 19, 29, 30, 39 04 
08/15/2024 03, 07, 19, 24, 38 11 
08/16/2024 05, 12, 17, 21, 45 08 
08/17/2024 22, 24, 27, 42, 47 04 
08/18/2024 02, 04, 11, 32, 39 18 
08/19/2024 15, 17, 35, 40, 45 06 
08/20/2024 08, 12, 24, 39, 40 06 
08/21/2024 09, 16, 26, 42, 45 11 
08/22/2024 02, 05, 21, 45, 47 18 
08/23/2024 17, 24, 28, 34, 39 02 
08/24/2024 13, 19, 26, 33, 38 15 
08/25/2024 08, 17, 19, 29, 31 12 
08/26/2024 12, 18, 24, 40, 44 09 
08/27/2024 01, 03, 18, 23, 42 16 
08/28/2024 04, 07, 08, 17, 34 06 
08/29/2024 07, 13, 18, 23, 42 12 
08/30/2024 03, 24, 25, 30, 43 11 
08/31/2024 02, 15, 37, 45, 46 18 
09/01/2024 17, 22, 27, 35, 42 17 
09/02/2024 03, 04, 08, 28, 29 05 
09/03/2024 25, 36, 38, 39, 48 08 
09/04/2024 04, 12, 14, 40, 47 11 
09/05/2024 02, 03, 18, 23, 25 12 
09/06/2024 03, 23, 24, 25, 30 05 
09/07/2024 03, 20, 29, 34, 39 13 
09/08/2024 09, 17, 27, 42, 45 12 
09/09/2024 16, 26, 30, 35, 46 06 
09/10/2024 30, 39, 42, 45, 48 06 
09/11/2024 12, 19, 37, 43, 48 01 
09/12/2024 23, 32, 38, 41, 44 18 
09/13/2024 14, 15, 18, 33, 40 09 
09/14/2024 05, 13, 27, 28, 44 06 
09/15/2024 01, 02, 10, 22, 27 11 
09/16/2024 01, 02, 15, 17, 39 14 
09/17/2024 10, 16, 23, 29, 35 18 
09/18/2024 10, 13, 28, 43, 47 09 
09/19/2024 11, 20, 28, 35, 43 13 
09/20/2024 02, 09, 17, 18, 27 02 
09/21/2024 07, 21, 31, 41, 44 05 
09/22/2024 05, 13, 27, 35, 48 14
09/23/2024 01, 21, 24, 27, 48 18 
09/24/2024 06, 09, 18, 36, 38 04
09/25/2024 04, 07, 15, 21, 31 13 
09/26/2024 04, 08, 27, 37, 40 08
09/27/2024 04, 07, 09, 24, 36 01 
09/28/2024 07, 20, 23, 38, 48 11
09/29/2024 07, 15, 27, 31, 38 14 
09/30/2024 21, 28, 29, 40, 42 18
10/01/2024 05, 13, 22, 31, 48 18 
10/02/2024 06, 30, 33, 42, 44 13
10/03/2024 02, 05, 29, 42, 48 18 
10/04/2024 01, 04, 34, 39, 42 06
10/05/2024 03, 17, 31, 32, 35 18 
10/06/2024 01, 08, 10, 26, 34 10
10/07/2024 08, 21, 22, 28, 47 16 
10/08/2024 05, 17, 22, 26, 32 11
10/09/2024 11, 15, 31, 36, 45 02 
10/10/2024 07, 08, 26, 27, 47 13
10/11/2024 03, 18, 29, 33, 36 12 
10/12/2024 06, 17, 20, 22, 46 13
10/13/2024 02, 06, 14, 25, 45 09 
10/14/2024 01, 12, 25, 32, 35 07
10/15/2024 15, 20, 21, 24, 38 05 
10/16/2024 05, 29, 32, 45, 46 07
10/17/2024 23, 26, 29, 36, 47 14 
10/18/2024 10, 31, 32, 36, 38 06
10/19/2024 10, 14, 24, 45, 46 09 
10/20/2024 03, 15, 21, 37, 38 15
10/21/2024 03, 14, 23, 37, 38 02 
10/22/2024 07, 12, 22, 37, 48 09
10/23/2024 09, 12, 22, 25, 44 09 
10/24/2024 02, 04, 09, 29, 32 08
10/25/2024 01, 03, 15, 33, 36 05 
10/26/2024 06, 12, 32, 35, 41 13
10/27/2024 01, 04, 08, 27, 42 01 
10/28/2024 03, 17, 21, 35, 39 08
10/29/2024 04, 08, 09, 25, 48 10 
10/30/2024 14, 17, 27, 28, 43 13
10/31/2024 29, 30, 31, 33, 36 04 
11/01/2024 15, 37, 39, 45, 47 16
11/02/2024 21, 25, 30, 34, 35 09 
11/03/2024 05, 13, 18, 21, 42 08
11/04/2024 08, 18, 28, 36, 43 06 
11/05/2024 01, 09, 14, 38, 45 12
11/06/2024 04, 07, 12, 14, 43 05 
11/07/2024 05, 10, 30, 37, 40 05
11/08/2024 02, 07, 19, 42, 47 04 
11/09/2024 04, 07, 19, 36, 39 01
11/10/2024 11, 18, 32, 38, 40 03 
11/11/2024 05, 11, 17, 19, 30 11
11/12/2024 11, 21, 22, 24, 48 08 
11/13/2024 18, 24, 27, 43, 45 08
11/14/2024 05, 22, 30, 33, 44 03 
11/15/2024 05, 28, 34, 38, 44 13
11/16/2024 06, 11, 18, 20, 29 04 
11/17/2024 10, 20, 26, 28, 42 02
11/18/2024 04, 09, 10, 28, 29 01 
11/19/2024 07, 10, 17, 24, 26 13
11/20/2024 03, 29, 30, 39, 45 13 
11/21/2024 04, 11, 13, 45, 47 18
11/22/2024 17, 31, 33, 38, 46 17 
11/23/2024 11, 20, 21, 26, 31 07
11/24/2024 07, 11, 14, 26, 48 15 
11/25/2024 07, 10, 14, 33, 36 01
11/26/2024 27, 29, 32, 33, 47 02 
11/27/2024 05, 16, 22, 25, 45 15
11/28/2024 18, 33, 42, 44, 45 02 
11/29/2024 19, 21, 31, 38, 39 05
11/30/2024 21, 22, 32, 36, 48 05 
12/01/2024 01, 07, 25, 33, 46 07
12/02/2024 05, 13, 14, 31, 42 15 
12/03/2024 06, 11, 28, 30, 37 09
12/04/2024 01, 13, 25, 33, 46 06 
12/05/2024 04, 13, 25, 44, 47 18
12/06/2024 01, 03, 33, 36, 39 01 
12/07/2024 01, 17, 34, 41, 45 14
12/08/2024 01, 02, 39, 40, 42 04 
12/09/2024 01, 13, 19, 22, 28 11
12/10/2024 06, 12, 30, 39, 46 10 
12/11/2024 10, 19, 32, 44, 46 01
12/12/2024 05, 07, 17, 19, 32 12 
12/13/2024 03, 15, 32, 34, 37 18
12/14/2024 10, 16, 35, 40, 42 16 
12/15/2024 09, 12, 22, 36, 45 03
12/16/2024 03, 16, 29, 31, 33 09 
12/17/2024 04, 18, 29, 36, 37 18
12/18/2024 19, 26, 30, 31, 41 16 
12/19/2024 02, 05, 13, 18, 29 16
12/20/2024 09, 20, 21, 35, 36 03 
12/21/2024 02, 09, 10, 41, 42 09
12/22/2024 04, 07, 37, 43, 47 08 
12/23/2024 10, 20, 22, 23, 43 01
12/24/2024 16, 22, 24, 43, 47 11 
12/25/2024 04, 10, 35, 42, 45 02
12/26/2024 09, 10, 12, 30, 47 09 
12/27/2024 15, 21, 24, 32, 43 11
12/28/2024 14, 19, 21, 25, 30 09 
12/29/2024 07, 18, 26, 35, 38 01
12/30/2024 07, 14, 18, 25, 47 18 
12/31/2024 19, 27, 37, 41, 48 15
01/01/2025 07, 15, 17, 39, 40 16 
01/02/2025 12, 14, 27, 44, 46 06
01/03/2025 14, 15, 20, 23, 28 12 
01/04/2025 03, 09, 27, 29, 33 06
01/05/2025 06, 27, 31, 33, 47 13 
01/06/2025 06, 22, 31, 39, 44 03
01/07/2025 16, 24, 30, 32, 44 02 
01/08/2025 13, 14, 24, 37, 38 13
01/09/2025 02, 04, 14, 17, 28 11 
01/10/2025 03, 09, 21, 33, 36 01
01/11/2025 21, 22, 26, 27, 48 12 
01/12/2025 02, 10, 22, 26, 47 08
01/13/2025 13, 17, 35, 41, 44 05 
01/14/2025 03, 06, 17, 26, 39 04
01/15/2025 19, 31, 33, 36, 46 07 
01/16/2025 13, 20, 29, 32, 37 06
01/17/2025 01, 04, 06, 09, 46 04 
01/18/2025 04, 12, 13, 32, 43 17
01/19/2025 08, 24, 35, 43, 46 04 
01/20/2025 04, 08, 12, 22, 35 15
01/21/2025 18, 27, 30, 40, 44 15 
01/22/2025 24, 25, 37, 44, 45 09
01/23/2025 09, 13, 18, 24, 46 06 
01/24/2025 14, 26, 35, 39, 40 10
01/25/2025 08, 26, 28, 38, 46 06 
01/26/2025 01, 10, 21, 28, 40 11
01/27/2025 07, 16, 41, 42, 48 05 
01/28/2025 07, 20, 24, 39, 43 09
01/29/2025 01, 20, 25, 30, 34 11 
01/30/2025 09, 13, 18, 23, 40 04
01/31/2025 03, 07, 34, 39, 44 13 
02/01/2025 04, 34, 36, 42, 47 02
02/02/2025 05, 06, 17, 27, 36 12 
02/03/2025 03, 24, 28, 33, 35 16
02/04/2025 02, 05, 23, 29, 47 08 
02/05/2025 07, 09, 25, 37, 39 03
02/06/2025 18, 21, 32, 39, 41 07 
02/07/2025 14, 18, 21, 29, 31 10
02/08/2025 01, 07, 15, 17, 40 18 
02/09/2025 08, 13, 22, 28, 39 12
02/10/2025 01, 02, 16, 18, 30 06 
02/11/2025 08, 25, 28, 41, 46 05
02/12/2025 08, 29, 34, 36, 42 11 
02/13/2025 01, 21, 25, 37, 45 11
02/14/2025 07, 11, 12, 22, 34 08 
02/15/2025 21, 34, 38, 40, 48 10
02/16/2025 03, 15, 16, 19, 32 03 
02/17/2025 02, 07, 42, 43, 47 06
02/18/2025 02, 05, 16, 19, 46 07 
02/19/2025 07, 21, 30, 41, 42 02
02/20/2025 15, 39, 40, 42, 47 07 
02/21/2025 19, 35, 44, 45, 47 10
02/22/2025 02, 06, 29, 35, 44 07 
02/23/2025 01, 18, 43, 44, 46 07
02/24/2025 07, 16, 23, 33, 40 08 
02/25/2025 06, 10, 14, 16, 25 11
02/26/2025 05, 18, 27, 33, 38 10 
02/27/2025 02, 18, 24, 26, 45 12
02/28/2025 09, 16, 18, 23, 42 13 
03/01/2025 12, 25, 28, 30, 43 03
03/02/2025 04, 24, 26, 32, 42 12 
03/03/2025 10, 15, 21, 27, 45 01
03/04/2025 02, 11, 25, 30, 31 07 
03/05/2025 04, 12, 21, 22, 40 17
03/06/2025 20, 28, 30, 31, 38 10 
03/07/2025 02, 07, 25, 28, 36 08
03/08/2025 09, 20, 31, 40, 44 10 
03/09/2025 06, 14, 18, 40, 46 06
03/10/2025 07, 08, 13, 21, 42 08 
03/11/2025 02, 07, 17, 18, 28 14
03/12/2025 05, 08, 10, 20, 44 01 
03/13/2025 19, 24, 27, 32, 38 12
03/14/2025 07, 16, 28, 40, 48 18 
03/15/2025 09, 12, 30, 39, 41 12
03/16/2025 04, 14, 16, 28, 34 07 
03/17/2025 06, 12, 25, 29, 32 15
03/18/2025 08, 20, 37, 39, 46 15 
03/19/2025 17, 21, 36, 40, 45 03
03/20/2025 07, 14, 25, 35, 40 14 
03/21/2025 07, 25, 28, 40, 45 07
03/22/2025 13, 14, 32, 46, 47 10 
03/23/2025 16, 19, 21, 39, 47 06
03/24/2025 14, 20, 30, 31, 39 01 
03/25/2025 09, 16, 27, 30, 35 07
03/26/2025 08, 12, 15, 39, 44 15 
03/27/2025 07, 20, 27, 35, 46 05
03/28/2025 10, 15, 23, 31, 40 18 
03/29/2025 04, 08, 13, 18, 41 12
03/30/2025 19, 20, 27, 36, 39 06 
03/31/2025 08, 31, 39, 40, 42 04
04/01/2025 09, 20, 29, 36, 41 08 
04/02/2025 18, 22, 35, 36, 43 08
04/03/2025 02, 05, 11, 14, 28 18 
04/04/2025 01, 04, 11, 22, 32 06
04/05/2025 08, 15, 29, 37, 47 06 
04/06/2025 03, 06, 27, 37, 40 11
04/07/2025 21, 25, 31, 37, 38 18 
04/08/2025 03, 28, 32, 44, 48 12
04/09/2025 01, 14, 24, 29, 46 14 
04/10/2025 09, 18, 38, 39, 45 13
04/11/2025 07, 09, 10, 31, 34 10 
04/12/2025 01, 14, 16, 19, 41 12
04/13/2025 02, 29, 30, 43, 45 09 
04/14/2025 10, 11, 23, 35, 40 13
04/15/2025 10, 19, 26, 30, 48 11 
04/16/2025 01, 34, 38, 43, 47 03
04/17/2025 04, 18, 22, 26, 44 15 
04/18/2025 29, 34, 39, 42, 46 16
04/19/2025 03, 22, 39, 41, 43 11 
04/20/2025 03, 06, 17, 30, 42 15
04/21/2025 12, 25, 29, 36, 47 03 
04/22/2025 14, 31, 36, 39, 44 08
04/23/2025 08, 14, 15, 23, 24 15 
04/24/2025 13, 15, 20, 31, 38 14
04/25/2025 09, 15, 40, 41, 48 05 
04/26/2025 15, 38, 40, 45, 48 06
04/27/2025 04, 19, 35, 36, 41 05 
04/28/2025 16, 19, 20, 33, 40 11
04/29/2025 24, 25, 39, 43, 45 13 
04/30/2025 03, 05, 22, 23, 44 04
05/01/2025 17, 32, 36, 41, 46 04 
05/02/2025 02, 17, 18, 33, 38 15
05/03/2025 02, 13, 18, 21, 31 09 
05/04/2025 12, 26, 31, 35, 43 14
05/05/2025 03, 26, 30, 32, 39 08 
05/06/2025 15, 31, 33, 35, 46 17
05/07/2025 05, 07, 37, 39, 46 15 
05/08/2025 14, 18, 23, 34, 35 17
05/09/2025 04, 09, 22, 41, 46 13 
05/10/2025 05, 12, 19, 43, 47 14
05/11/2025 16, 26, 30, 34, 43 06 
05/12/2025 09, 13, 15, 16, 48 11
05/13/2025 04, 14, 17, 43, 44 12 
05/14/2025 14, 23, 37, 41, 46 18
05/15/2025 07, 16, 17, 20, 23 04 
05/16/2025 14, 24, 25, 29, 35 04
05/17/2025 01, 04, 27, 38, 46 13 
05/18/2025 01, 03, 04, 18, 30 08
05/19/2025 22, 23, 32, 35, 39 15 
05/20/2025 05, 06, 16, 29, 34 08
05/21/2025 08, 23, 32, 40, 45 18 
05/22/2025 12, 16, 28, 31, 37 03
05/23/2025 04, 11, 15, 19, 38 04 
05/24/2025 09, 10, 32, 36, 44 12
05/25/2025 12, 20, 30, 35, 47 02 
05/26/2025 12, 15, 19, 22, 33 03
05/27/2025 10, 12, 18, 43, 46 18 
05/28/2025 03, 11, 35, 43, 47 11
05/29/2025 09, 14, 20, 31, 46 07 
05/30/2025 13, 17, 30, 35, 48 09
05/31/2025 11, 18, 22, 27, 31 13 
06/01/2025 28, 29, 38, 39, 42 16
06/02/2025 01, 10, 22, 29, 40 15 
06/03/2025 01, 21, 32, 34, 48 01
06/04/2025 11, 12, 14, 40, 41 10 
06/05/2025 01, 14, 19, 28, 41 07
06/06/2025 10, 15, 38, 41, 45 18 
06/07/2025 02, 04, 28, 34, 45 02
06/08/2025 05, 11, 20, 42, 43 10 
06/09/2025 03, 07, 17, 29, 46 15
06/10/2025 10, 26, 30, 41, 44 17 
06/11/2025 07, 09, 30, 36, 43 04
06/12/2025 02, 04, 06, 37, 40 05 
06/13/2025 04, 12, 18, 22, 29 15
06/14/2025 06, 22, 31, 35, 37 09 
06/15/2025 12, 17, 25, 40, 44 07
06/16/2025 17, 27, 34, 38, 41 10 
06/17/2025 04, 07, 28, 36, 46 02
06/18/2025 06, 16, 25, 26, 44 14 
06/19/2025 02, 05, 08, 18, 45 01
06/20/2025 05, 09, 31, 33, 45 08 
06/21/2025 08, 10, 22, 26, 28 04
06/22/2025 12, 19, 21, 23, 38 06 
06/23/2025 13, 22, 23, 26, 47 13
06/24/2025 01, 04, 27, 40, 45 11 
06/25/2025 07, 28, 33, 43, 48 09
06/26/2025 05, 07, 37, 41, 42 15 
06/27/2025 05, 12, 33, 43, 47 17
06/28/2025 09, 11, 40, 46, 47 08 
06/29/2025 12, 24, 29, 34, 48 04
06/30/2025 07, 11, 26, 37, 41 17 
07/01/2025 01, 02, 19, 30, 33 02
07/02/2025 03, 06, 16, 22, 42 17 
07/03/2025 12, 29, 30, 42, 45 18
07/04/2025 09, 26, 27, 30, 46 05 
07/05/2025 09, 17, 26, 27, 41 01
07/06/2025 06, 15, 16, 30, 45 12 
07/07/2025 03, 12, 24, 40, 42 13
07/08/2025 16, 26, 27, 34, 43 15 
07/09/2025 09, 17, 38, 43, 47 03
07/10/2025 07, 09, 11, 17, 32 03 
07/11/2025 01, 06, 08, 18, 47 11
07/12/2025 03, 06, 17, 42, 46 04 
07/13/2025 04, 07, 20, 35, 40 02
07/14/2025 19, 21, 26, 40, 48 16 
07/15/2025 21, 25, 26, 39, 48 02
07/16/2025 17, 21, 23, 25, 47 09 
07/17/2025 01, 07, 09, 10, 32 08
07/18/2025 10, 12, 18, 22, 39 09 
07/19/2025 12, 23, 33, 35, 36 08
07/20/2025 26, 31, 37, 41, 43 01 
07/21/2025 01, 12, 19, 38, 48 10
07/22/2025 18, 19, 22, 30, 48 02 
07/23/2025 05, 09, 11, 30, 47 08
07/24/2025 01, 11, 22, 26, 29 18 
07/25/2025 19, 20, 31, 37, 41 02
07/26/2025 04, 08, 09, 22, 23 08 
07/27/2025 04, 06, 09, 25, 47 04
07/28/2025 04, 09, 13, 23, 34 06 
07/29/2025 02, 04, 15, 18, 42 07
07/30/2025 02, 05, 22, 33, 40 12 
07/31/2025 14, 25, 33, 39, 40 10
08/01/2025 08, 20, 22, 24, 36 15 
08/02/2025 08, 10, 16, 18, 36 08
08/03/2025 04, 09, 25, 33, 43 06 
08/04/2025 25, 26, 30, 37, 45 16
08/05/2025 17, 27, 32, 37, 39 15 
08/06/2025 07, 22, 38, 39, 40 03
08/07/2025 16, 25, 26, 27, 36 16 
08/08/2025 20, 23, 32, 40, 46 10
08/09/2025 09, 19, 35, 44, 45 17 
08/10/2025 06, 11, 25, 40, 46 07
08/11/2025 18, 22, 26, 40, 46 03 
08/12/2025 01, 11, 18, 29, 34 15
08/13/2025 13, 23, 30, 31, 38 02 
08/14/2025 03, 10, 17, 25, 37 01
08/15/2025 02, 08, 19, 26, 32 18 
08/16/2025 01, 03, 08, 26, 32 10
08/17/2025 08, 15, 20, 25, 28 03 
08/18/2025 03, 12, 24, 30, 40 02
08/19/2025 01, 04, 30, 46, 48 07 
08/20/2025 01, 05, 18, 25, 28 04
08/21/2025 23, 27, 32, 41, 46 15 
08/22/2025 08, 19, 26, 27, 29 15
08/23/2025 09, 11, 17, 25, 42 11 
08/24/2025 09, 16, 18, 25, 42 15
08/25/2025 01, 04, 12, 17, 20 06 
08/26/2025 05, 06, 08, 17, 36 12
08/27/2025 06, 15, 26, 38, 48 08 
08/28/2025 08, 10, 17, 23, 33 02
08/29/2025 08, 14, 22, 24, 30 17 
08/30/2025 06, 12, 38, 43, 45 07
08/31/2025 13, 14, 19, 25, 28 06 
09/01/2025 15, 18, 39, 46, 47 02
09/02/2025 04, 05, 24, 29, 40 11 
09/03/2025 11, 15, 19, 40, 48 03
09/04/2025 17, 20, 23, 25, 39 02 
09/05/2025 18, 25, 35, 47, 48 02
09/06/2025 04, 12, 14, 15, 21 09 
09/07/2025 13, 29, 34, 37, 40 09
09/08/2025 05, 09, 21, 22, 36 18 
09/09/2025 02, 04, 07, 34, 46 07
09/10/2025 11, 12, 35, 37, 45 11 
09/11/2025 05, 40, 42, 47, 48 10
09/12/2025 28, 34, 35, 36, 43 11 
09/13/2025 20, 21, 23, 29, 39 11
09/14/2025 23, 33, 34, 38, 40 17 
09/15/2025 14, 21, 23, 24, 43 01
09/16/2025 07, 17, 22, 27, 32 08 
09/17/2025 03, 11, 29, 40, 41 02
09/18/2025 14, 29, 41, 44, 46 04 
09/19/2025 09, 16, 23, 25, 26 17
09/20/2025 11, 16, 31, 34, 38 18 
09/21/2025 09, 11, 14, 26, 33 11
09/22/2025 06, 09, 15, 42, 43 15 
09/23/2025 18, 19, 38, 42, 44 01
09/24/2025 03, 26, 29, 40, 45 03 
09/25/2025 05, 07, 19, 28, 34 14
09/26/2025 22, 30, 33, 37, 43 14 
09/27/2025 04, 07, 08, 34, 48 01
09/28/2025 08, 09, 27, 31, 36 06 
09/29/2025 01, 25, 29, 40, 43 01
09/30/2025 08, 15, 17, 30, 39 14 
10/01/2025 01, 04, 05, 16, 47 07
10/02/2025 16, 21, 26, 34, 48 07 
10/03/2025 01, 22, 23, 25, 38 12
10/04/2025 08, 17, 18, 24, 35 01 
10/05/2025 04, 23, 25, 32, 40 16
10/06/2025 06, 11, 30, 34, 39 10 
10/07/2025 08, 32, 42, 44, 46 08
10/08/2025 09, 13, 14, 35, 46 06 
10/09/2025 09, 11, 27, 42, 46 17
10/10/2025 05, 35, 39, 40, 45 06 
10/11/2025 10, 37, 40, 42, 45 08 
10/12/2025 05, 11, 15, 22, 45 14 
10/13/2025 03, 09, 19, 28, 46 05 
10/14/2025 02, 05, 15, 34, 37 01 
10/15/2025 13, 25, 27, 31, 46 17 
10/16/2025 04, 07, 42, 43, 46 11 
10/17/2025 07, 24, 34, 45, 47 11
10/18/2025 13, 20, 24, 31, 45 12 
10/19/2025 11, 31, 35, 42, 45 03 
10/20/2025 03, 05, 23, 26, 28 09 
10/21/2025 08, 09, 15, 31, 32 12 
10/22/2025 01, 20, 30, 37, 46 01 
10/23/2025 12, 30, 33, 39, 40 03 
10/24/2025 08, 09, 28, 31, 46 06 
10/25/2025 21, 32, 34, 35, 44 05 
10/26/2025 02, 08, 11, 24, 30 10 
10/27/2025 01, 10, 30, 32, 33 04 
10/28/2025 14, 15, 21, 24, 45 08 
10/29/2025 03, 04, 33, 36, 43 02 
10/30/2025 01, 10, 23, 29, 34 16 
10/31/2025 03, 27, 37, 40, 42 01 
11/01/2025 06, 19, 28, 38, 46 08 
11/02/2025 08, 14, 19, 25, 38 15 
11/03/2025 01, 31, 32, 34, 37 13 
11/04/2025 03, 13, 17, 27, 44 12 
11/05/2025 09, 12, 29, 38, 43 15 
11/06/2025 09, 15, 32, 39, 41 11 
11/07/2025 05, 09, 16, 30, 41 02 
11/08/2025 27, 31, 41, 46, 47 15 
11/09/2025 17, 19, 33, 46, 47 10 
11/10/2025 11, 17, 32, 39, 44 13 
11/11/2025 12, 25, 30, 40, 42 15 
11/12/2025 20, 28, 30, 33, 44 15 
11/13/2025 03, 09, 16, 20, 42 11 
11/14/2025 14, 19, 34, 42, 43 13 
11/15/2025 16, 29, 32, 33, 37 16 
11/16/2025 03, 11, 26, 32, 45 02 
11/17/2025 08, 12, 16, 24, 37 08 
11/18/2025 04, 08, 30, 31, 37 03 
11/19/2025 02, 04, 12, 34, 38 16 
11/20/2025 05, 08, 37, 39, 40 16 
11/21/2025 19, 29, 39, 41, 48 18 
11/22/2025 04, 08, 24, 28, 47 16 
11/23/2025 03, 04, 13, 28, 41 09 
11/24/2025 03, 11, 18, 24, 38 02 
11/25/2025 07, 11, 32, 37, 44 14 
11/26/2025 08, 12, 15, 23, 43 05 
11/27/2025 08, 12, 13, 16, 45 13 
11/28/2025 19, 28, 32, 41, 47 16 
11/29/2025 04, 08, 09, 34, 39 13 
11/30/2025 03, 08, 13, 17, 18 17 
12/01/2025 10, 16, 18, 30, 43 18 
12/02/2025 01, 15, 17, 24, 29 02 
12/03/2025 20, 21, 22, 41, 43 17 
12/04/2025 01, 10, 21, 35, 47 04 
12/05/2025 04, 35, 38, 40, 41 03 
12/06/2025 11, 12, 14, 34, 48 13 
12/07/2025 05, 08, 11, 12, 34 04 
12/08/2025 11, 14, 28, 30, 41 11 
12/09/2025 19, 24, 33, 39, 40 06 
12/10/2025 05, 07, 14, 16, 45 11 
12/11/2025 07, 20, 24, 30, 39 18 
12/12/2025 06, 20, 23, 30, 36 11 
12/13/2025 12, 18, 19, 24, 35 17 
12/14/2025 08, 23, 32, 33, 34 15 
12/15/2025 12, 16, 27, 34, 41 12 
12/16/2025 03, 04, 19, 24, 39 11 
12/17/2025 11, 13, 20, 40, 41 07 
12/18/2025 02, 09, 24, 25, 44 15 
12/19/2025 08, 13, 19, 34, 48 14 
12/20/2025 08, 21, 30, 41, 47 15 
12/21/2025 11, 24, 27, 38, 46 15 
12/22/2025 09, 16, 23, 34, 46 07 
12/23/2025 02, 04, 12, 37, 42 10 
12/24/2025 03, 05, 07, 17, 34 09 
12/25/2025 23, 29, 31, 37, 45 16 
12/26/2025 02, 09, 15, 20, 24 03 
12/27/2025 08, 12, 24, 26, 42 17 
12/28/2025 12, 17, 25, 34, 42 09 
12/29/2025 01, 08, 16, 17, 26 12 
12/30/2025 03, 07, 15, 24, 30 16 
12/31/2025 26, 30, 41, 43, 47 12 
01/01/2026 02, 08, 17, 32, 45 15 
01/02/2026 09, 15, 20, 21, 25 02 
01/03/2026 01, 02, 28, 30, 43 07 
01/04/2026 03, 08, 13, 38, 47 02 
01/05/2026 02, 07, 08, 21, 45 15 
01/06/2026 10, 13, 24, 27, 31 08 
01/07/2026 05, 14, 15, 21, 39 10 
01/08/2026 05, 12, 13, 39, 48 13 
01/09/2026 19, 24, 40, 42, 44 05 
01/10/2026 17, 24, 36, 38, 43 17 
01/11/2026 05, 06, 12, 14, 24 12 
01/12/2026 21, 23, 24, 28, 39 01 
01/13/2026 21, 32, 34, 35, 38 14 
01/14/2026 14, 17, 21, 30, 36 03 
01/15/2026 03, 24, 32, 39, 41 18 
01/16/2026 04, 06, 09, 14, 17 17 
01/17/2026 10, 17, 24, 32, 34 17 
01/18/2026 11, 18, 21, 42, 48 17 
01/19/2026 05, 17, 22, 42, 48 16 
01/20/2026 06, 09, 28, 41, 45 08 
01/21/2026 03, 10, 22, 32, 38 11 
01/22/2026 08, 20, 30, 42, 46 15 
01/23/2026 06, 16, 17, 18, 29 04 
01/24/2026 08, 17, 25, 40, 44 07 
01/25/2026 02, 25, 27, 29, 31 13 
01/26/2026 03, 21, 22, 42, 44 09 
01/27/2026 01, 10, 32, 37, 48 09 
01/28/2026 19, 24, 26, 27, 47 14 
01/29/2026 14, 24, 25, 39, 40 17 
01/30/2026 03, 04, 17, 35, 45 05 
01/31/2026 09, 13, 25, 30, 43 18 
02/01/2026 02, 06, 10, 22, 47 17 
02/02/2026 27, 34, 36, 39, 47 17 
02/03/2026 06, 14, 19, 31, 44 18 
02/04/2026 06, 13, 15, 36, 46 18 
02/05/2026 02, 03, 13, 36, 37 16 
02/06/2026 17, 21, 29, 36, 39 11 
02/07/2026 08, 30, 31, 37, 38 05 
02/08/2026 05, 14, 17, 31, 44 13 
02/09/2026 11, 14, 23, 25, 42 03 
02/10/2026 13, 18, 25, 27, 30 16
